[HEADER]
  GEAR_NOMINAL_VEL = 1.000000
  SAMPLING_MODE = CARTESIAN
  CRC = 4230818067
[RECORDS]
+0.000000 +0.000000 +0.000000 +0.000000 -90.000000 +0.000000 +90.000000 +22 +50
+0.200000 +36.000000 +0.000000 +0.000000 -90.000000 +0.000000 +90.000000 +22 +50
+0.400000 +144.000000 +0.000000 +0.000000 -90.000000 +0.000000 +90.000000 +22 +50
+0.600000 +324.000000 +0.000000 +0.000000 -90.000000 +0.000000 +90.000000 +22 +50
+0.800000 +576.000000 +0.000000 +0.000000 -90.000000 +0.000000 +90.000000 +22 +50
+1.000000 +900.000000 +0.000000 +0.000000 -90.000000 +0.000000 +90.000000 +22 +50
+1.200000 +1296.000000 +0.000000 +0.000000 -90.000000 +0.000000 +90.000000 +22 +50
+1.400000 +1764.000000 +0.000000 +0.000000 -90.000000 +0.000000 +90.000000 +22 +50
+1.600000 +2304.000000 +0.000000 +0.000000 -90.000000 +0.000000 +90.000000 +22 +50
+1.800000 +2916.000000 +0.000000 +0.000000 -90.000000 +0.000000 +90.000000 +22 +50
+2.000000 +3600.000000 +0.000000 +0.000000 -90.000000 +0.000000 +90.000000 +22 +50
+2.200000 +4356.000000 +0.000000 +0.000000 -90.000000 +0.000000 +90.000000 +22 +50
+2.400000 +5184.000000 +0.000000 +0.000000 -90.000000 +0.000000 +90.000000 +22 +50
+2.600000 +6084.000000 +0.000000 +0.000000 -90.000000 +0.000000 +90.000000 +22 +50
+2.800000 +7056.000000 +0.000000 +0.000000 -90.000000 +0.000000 +90.000000 +22 +50
+3.000000 +8100.000000 +0.000000 +0.000000 -90.000000 +0.000000 +90.000000 +22 +50
+3.200000 +9216.000000 +0.000000 +0.000000 -90.000000 +0.000000 +90.000000 +22 +50
[END]


true
stable state found
Calculation time[s] 315.501528
LimitWaterLVL[m] 0.400000
WaterLVL at time zero[m] -0.061623
Timestep[s] | HighestPointXYZ[m] | AngleToY[°] | Distance[m] | AngleX[°] | AngleY[°]
0.000000 0.002589 -0.063194 0.000000 177.653506 0.400000 -0.058638 -0.008053
0.200000 -0.042506 0.033435 0.007488 308.188046 0.392512 -9.796971 0.092708
0.400000 -0.042506 0.033435 0.007489 308.188158 0.392512 -11.230385 0.010290
0.600000 -0.046612 -0.043500 0.007133 226.977781 0.392867 -9.255706 0.071443
0.800000 -0.047306 -0.022907 0.010923 244.162229 0.389077 -11.845101 0.023380
1.000000 -0.047306 -0.022906 0.007118 244.163013 0.392882 -8.583416 0.062766
1.200000 -0.047090 -0.037671 0.010939 231.341156 0.389061 -12.823406 0.020488
1.400000 -0.047310 -0.022906 0.007118 244.164914 0.392882 -7.876917 0.063913
1.600000 -0.047090 -0.037671 0.010939 231.341156 0.389061 -13.115124 0.117024
1.800000 -0.047310 -0.022906 0.007118 244.164914 0.392882 -7.309014 -0.082796
2.000000 -0.041890 -0.044732 0.010970 223.120972 0.389030 -13.903434 0.149482
2.200000 -0.044050 -0.048813 0.003847 222.063954 0.396153 -6.538281 -0.126570
2.400000 -0.042590 0.033551 0.010989 308.229876 0.389011 -14.672412 0.226177
2.600000 -0.044050 -0.048813 0.003847 222.063954 0.396153 -6.309486 -0.148807
2.800000 -0.042590 0.033551 0.010989 308.229876 0.389011 -14.662079 0.305838
3.000000 -0.044050 -0.048813 0.003847 222.063954 0.396153 -6.190754 -0.203214