[HEADER]
  GEAR_NOMINAL_VEL = 1.000000
  SAMPLING_MODE = CARTESIAN
  CRC = 4230818067
[RECORDS]
+0.000000 +0.000000 +0.000000 +0.000000 -90.000000 +0.000000 +90.000000 +22 +50
+0.200000 +36.000000 +0.000000 +0.000000 -90.000000 +0.000000 +90.000000 +22 +50
+0.400000 +144.000000 +0.000000 +0.000000 -90.000000 +0.000000 +90.000000 +22 +50
+0.600000 +324.000000 +0.000000 +0.000000 -90.000000 +0.000000 +90.000000 +22 +50
+0.800000 +576.000000 +0.000000 +0.000000 -90.000000 +0.000000 +90.000000 +22 +50
+1.000000 +900.000000 +0.000000 +0.000000 -90.000000 +0.000000 +90.000000 +22 +50
+1.200000 +1296.000000 +0.000000 +0.000000 -90.000000 +0.000000 +90.000000 +22 +50
+1.400000 +1764.000000 +0.000000 +0.000000 -90.000000 +0.000000 +90.000000 +22 +50
+1.600000 +2304.000000 +0.000000 +0.000000 -90.000000 +0.000000 +90.000000 +22 +50
+1.800000 +2916.000000 +0.000000 +0.000000 -90.000000 +0.000000 +90.000000 +22 +50
+2.000000 +3600.000000 +0.000000 +0.000000 -90.000000 +0.000000 +90.000000 +22 +50
+2.200000 +4356.000000 +0.000000 +0.000000 -90.000000 +0.000000 +90.000000 +22 +50
+2.400000 +5184.000000 +0.000000 +0.000000 -90.000000 +0.000000 +90.000000 +22 +50
+2.600000 +6084.000000 +0.000000 +0.000000 -90.000000 +0.000000 +90.000000 +22 +50
+2.800000 +7056.000000 +0.000000 +0.000000 -90.000000 +0.000000 +90.000000 +22 +50
+3.000000 +8100.000000 +0.000000 +0.000000 -90.000000 +0.000000 +90.000000 +22 +50
+3.200000 +9216.000000 +0.000000 +0.000000 -90.000000 +0.000000 +90.000000 +22 +50
[END]
