2.4788,-0.7164,1.409,-1.775,1.331,0.7173
2.4791,-0.71479,1.405,-1.7712,1.3343,0.71415
2.4787,-0.71494,1.4038,-1.7681,1.3371,0.7121
2.4768,-0.7183,1.4075,-1.7664,1.3392,0.71204
2.4729,-0.72584,1.4176,-1.7665,1.3402,0.7145
2.4668,-0.73817,1.4349,-1.7686,1.3401,0.71971
2.4582,-0.7555,1.4594,-1.773,1.3385,0.72758
2.447,-0.77776,1.4907,-1.7797,1.3354,0.73775
2.4329,-0.80459,1.5278,-1.7888,1.3306,0.74967
2.4161,-0.83547,1.5696,-1.8001,1.3241,0.76264
2.3965,-0.86972,1.6144,-1.8135,1.3158,0.77597
2.3742,-0.90657,1.6609,-1.8289,1.3056,0.78897
2.3494,-0.9452,1.7077,-1.846,1.2936,0.8011
2.3224,-0.98475,1.7534,-1.8646,1.2798,0.81202
2.2934,-1.0243,1.7971,-1.8844,1.2644,0.82157
2.263,-1.0631,1.838,-1.905,1.2476,0.82986
2.2314,-1.1003,1.8757,-1.9262,1.2297,0.83726
2.1993,-1.135,1.91,-1.9478,1.2112,0.84433
2.1671,-1.1667,1.9412,-1.9698,1.1928,0.85182
2.1352,-1.1948,1.9697,-1.9922,1.1751,0.86061
2.1037,-1.2189,1.996,-2.0152,1.1587,0.87147
2.0732,-1.2392,2.0204,-2.0386,1.144,0.88434
2.0441,-1.2558,2.043,-2.062,1.1314,0.89899
2.0167,-1.2688,2.064,-2.0851,1.1213,0.91527
1.9912,-1.2782,2.0836,-2.1078,1.114,0.93315
1.9679,-1.2839,2.102,-2.1298,1.1098,0.95264
1.9468,-1.2858,2.1194,-2.1512,1.1088,0.97381
1.9278,-1.2839,2.1359,-2.1719,1.1113,0.99673
1.911,-1.2778,2.1515,-2.1918,1.1175,1.0215
1.8961,-1.2673,2.1662,-2.2109,1.1273,1.048
1.8831,-1.2524,2.1798,-2.229,1.1407,1.0763
1.8716,-1.2328,2.192,-2.2461,1.1576,1.1061
1.8617,-1.2087,2.2024,-2.2619,1.1775,1.137
1.8529,-1.18,2.2106,-2.2762,1.2,1.1685
1.8451,-1.1475,2.2161,-2.2887,1.2242,1.1998
1.8383,-1.1116,2.2182,-2.2992,1.249,1.2301
1.8321,-1.0737,2.2164,-2.3073,1.2734,1.2582
1.8267,-1.035,2.2105,-2.313,1.2959,1.283
1.822,-0.99731,2.2001,-2.316,1.3151,1.3032
1.818,-0.96209,2.1853,-2.3162,1.3299,1.3178
1.8148,-0.93034,2.1664,-2.3138,1.3397,1.3264
1.8124,-0.90267,2.1436,-2.3089,1.3443,1.3288
1.8107,-0.8793,2.1173,-2.3016,1.3441,1.3251
1.8097,-0.86018,2.0881,-2.292,1.3393,1.3155
1.8093,-0.84503,2.0562,-2.2803,1.3306,1.3005
1.8093,-0.83339,2.0219,-2.2665,1.3186,1.2804
1.8097,-0.8247,1.9856,-2.2507,1.3041,1.2557
1.8103,-0.81834,1.9475,-2.2329,1.2879,1.2269
1.8111,-0.81369,1.9077,-2.2133,1.2706,1.1945
1.8119,-0.81013,1.8664,-2.1918,1.253,1.159
1.8127,-0.80711,1.8238,-2.1686,1.2357,1.1208
1.8133,-0.80411,1.7801,-2.1438,1.2192,1.0805
1.8138,-0.80073,1.7355,-2.1177,1.2042,1.0387
1.8139,-0.79663,1.6902,-2.0904,1.191,0.99573
1.8138,-0.79157,1.6446,-2.0623,1.1799,0.95226
1.8132,-0.78539,1.5988,-2.0337,1.1712,0.90874
1.8123,-0.77802,1.553,-2.0049,1.1651,0.86564
1.811,-0.76939,1.5075,-1.9763,1.1616,0.82337
1.8091,-0.75936,1.4624,-1.9481,1.1607,0.78241
1.8067,-0.74791,1.4178,-1.9209,1.1622,0.74319
1.8037,-0.73517,1.3742,-1.8948,1.166,0.70614
1.8002,-0.72135,1.332,-1.8702,1.1719,0.67166
1.7961,-0.70675,1.2918,-1.8473,1.1798,0.64011
1.7915,-0.69176,1.2541,-1.8262,1.1895,0.61184
1.7864,-0.6768,1.2195,-1.807,1.2007,0.58713
1.7809,-0.66233,1.1889,-1.7897,1.2133,0.56625
1.7751,-0.64881,1.1628,-1.7743,1.2271,0.54942
1.7689,-0.63668,1.1419,-1.7607,1.2419,0.53678
1.7625,-0.62636,1.1266,-1.7488,1.2575,0.52841
1.7558,-0.61819,1.1173,-1.7384,1.2738,0.5243
1.7489,-0.61241,1.1143,-1.7293,1.2907,0.52429
1.7418,-0.60919,1.1174,-1.7212,1.3079,0.52814
1.7344,-0.60856,1.1263,-1.7139,1.3254,0.53544
1.7268,-0.61044,1.1405,-1.7071,1.343,0.54565
1.7189,-0.61463,1.159,-1.7005,1.3603,0.55811
1.7107,-0.62085,1.1809,-1.6939,1.3773,0.57202
1.7019,-0.62868,1.2048,-1.6873,1.3938,0.58648
1.6925,-0.6376,1.2295,-1.6804,1.4095,0.60073
1.6826,-0.64689,1.2542,-1.6735,1.4244,0.61489
1.672,-0.65595,1.2787,-1.6664,1.4386,0.62909
1.6609,-0.66428,1.3024,-1.6593,1.4521,0.64334
1.6492,-0.67155,1.3247,-1.6523,1.4648,0.65746
1.6368,-0.67751,1.3452,-1.6452,1.4767,0.67117
1.6238,-0.68204,1.3633,-1.6383,1.4878,0.68406
1.61,-0.68511,1.3786,-1.6315,1.4979,0.69566
1.5954,-0.68677,1.3905,-1.625,1.5071,0.70545
1.5801,-0.68713,1.3987,-1.6188,1.5153,0.71288
1.564,-0.68636,1.4028,-1.6129,1.5225,0.71743
1.5472,-0.68461,1.4024,-1.6076,1.5287,0.7186
1.5298,-0.68204,1.3975,-1.6028,1.534,0.71602
1.5119,-0.67876,1.3877,-1.5986,1.5383,0.70941
1.4935,-0.67483,1.3731,-1.5951,1.5419,0.69866
1.475,-0.67024,1.3538,-1.592,1.5447,0.68385
1.4563,-0.6649,1.33,-1.5895,1.5469,0.66529
1.4379,-0.65866,1.302,-1.5875,1.5485,0.64353
1.4199,-0.65136,1.2706,-1.5858,1.5498,0.61943
1.4025,-0.6428,1.2369,-1.5843,1.5508,0.59419
1.386,-0.63285,1.2019,-1.5829,1.5518,0.56916
1.3706,-0.6215,1.1664,-1.5816,1.553,0.54498
1.3564,-0.60892,1.1309,-1.5802,1.5545,0.52209
1.3433,-0.59543,1.0963,-1.5787,1.5563,0.50097
1.3314,-0.58146,1.0635,-1.5772,1.5586,0.48205
1.3207,-0.56757,1.0334,-1.5755,1.5614,0.46583
1.311,-0.55438,1.0072,-1.5738,1.5646,0.45279
1.3023,-0.54256,0.98599,-1.572,1.5683,0.44343
1.2944,-0.53282,0.97104,-1.57,1.5725,0.43823
1.2872,-0.52584,0.96344,-1.5679,1.5769,0.43761
1.2805,-0.52223,0.96412,-1.5657,1.5815,0.44192
1.2741,-0.52249,0.97378,-1.5634,1.5861,0.45134
1.2679,-0.52699,0.9928,-1.5608,1.5907,0.4659
1.2618,-0.53591,1.0212,-1.5581,1.5949,0.48542
1.2555,-0.54928,1.0586,-1.5553,1.5985,0.50953
1.2488,-0.56697,1.1044,-1.5525,1.6015,0.53767
1.2417,-0.58874,1.1576,-1.5498,1.6036,0.56919
1.234,-0.61425,1.2172,-1.5474,1.6047,0.6033
1.2254,-0.64309,1.2818,-1.5456,1.6047,0.63918
1.216,-0.67479,1.3503,-1.5445,1.6035,0.67597
1.2056,-0.70884,1.4212,-1.5445,1.6013,0.7128
1.1941,-0.74464,1.4931,-1.5456,1.5979,0.74882
1.1817,-0.78153,1.5645,-1.548,1.5937,0.7832
1.1683,-0.81882,1.6338,-1.5517,1.5888,0.81513
1.1541,-0.85603,1.6997,-1.5567,1.5833,0.8438
1.1393,-0.89276,1.7613,-1.5629,1.5775,0.86859
1.1241,-0.9286,1.8177,-1.5701,1.5714,0.88909
1.1087,-0.96308,1.8682,-1.5779,1.5652,0.90517
1.0935,-0.9957,1.9125,-1.5861,1.5591,0.91689
1.0787,-1.0259,1.9503,-1.5942,1.5532,0.92459
1.0649,-1.053,1.9814,-1.6019,1.5475,0.92878
1.0523,-1.0763,2.006,-1.6088,1.5424,0.93018
1.0414,-1.0953,2.0242,-1.6148,1.538,0.9296
1.0325,-1.1093,2.0363,-1.6194,1.5344,0.92793
1.026,-1.1178,2.0427,-1.6227,1.5318,0.92599
1.0219,-1.1203,2.0437,-1.6245,1.5302,0.92451
1.0206,-1.1168,2.0397,-1.625,1.5298,0.92404
1.0219,-1.107,2.0308,-1.6243,1.5305,0.92491
1.026,-1.0911,2.0174,-1.6226,1.5319,0.92723
1.0325,-1.0694,1.9993,-1.6202,1.534,0.93082
1.0414,-1.0423,1.9768,-1.6174,1.5364,0.93528
1.0523,-1.0103,1.9496,-1.6147,1.5387,0.94
1.065,-0.97416,1.9177,-1.6123,1.5407,0.94418
1.0791,-0.93461,1.8809,-1.6107,1.5421,0.94691
1.0942,-0.89259,1.8392,-1.6101,1.5425,0.94721
1.11,-0.84894,1.7925,-1.6108,1.5418,0.94414
1.1263,-0.80402,1.7404,-1.613,1.5397,0.93705
1.1427,-0.75814,1.683,-1.6168,1.5362,0.92566
1.159,-0.71174,1.6207,-1.622,1.5309,0.91
1.1747,-0.66532,1.5544,-1.6289,1.5237,0.89046
1.1896,-0.61948,1.4854,-1.6372,1.5144,0.86776
1.2033,-0.57494,1.4153,-1.6469,1.5028,0.8429
1.2156,-0.53252,1.3461,-1.6578,1.4889,0.81716
1.2264,-0.49316,1.2803,-1.6698,1.4726,0.79205
1.2355,-0.45792,1.2206,-1.683,1.4541,0.76928
1.2429,-0.42791,1.1698,-1.6975,1.4338,0.75063
1.2484,-0.40416,1.1306,-1.7137,1.4119,0.73784
1.2521,-0.38752,1.1052,-1.732,1.389,0.73236
1.254,-0.37838,1.0948,-1.7529,1.3657,0.73518
1.2541,-0.37655,1.0993,-1.777,1.3427,0.7465
1.2527,-0.38117,1.1173,-1.8047,1.3204,0.76569
1.2498,-0.3907,1.1455,-1.8357,1.2993,0.79124
1.2459,-0.40308,1.1798,-1.8698,1.2796,0.82088
