[HEADER]
  GEAR_NOMINAL_VEL = 1.000000
  CRC = 4230818067
[RECORDS]
  +0.000000  -902.000000 -2107.000000 +1228.000000 +0.000000 +0.000000 +90.000000 +22 +50
  +0.048000  -900.620114 -2106.645729 +1228.000000 +0.000000 +5.100000 +92.100000 +22 +50
  +0.096000  -896.580397 -2105.608574 +1228.000000 +0.000000 +6.915385 +93.915385 +22 +50
  +0.144000  -887.921204 -2103.385418 +1228.000000 +0.000000 +7.830769 +94.830769 +22 +50
  +0.192000  -873.216397 -2099.610115 +1228.000000 +0.000000 +7.792308 +94.792308 +22 +50
  +0.240000  -851.993013 -2094.161236 +1228.000000 +0.000000 +6.782418 +93.912088 +22 +50
  +0.288000  -824.111635 -2087.002987 +1228.000000 +0.000000 +5.331868 +93.326007 +22 +50
  +0.336000  -789.618287 -2078.147185 +1228.000000 +0.000000 +3.881319 +92.739927 +22 +50
  +0.384000  -748.595915 -2067.615126 +1228.000000 +0.000000 +2.430769 +92.153846 +22 +50
  +0.432000  -701.021967 -2055.401019 +1228.000000 +0.000000 +0.980220 +91.567766 +22 +50
  +0.480000  -646.890414 -2041.503316 +1228.000000 +0.000000 -0.470330 +90.981685 +22 +50
  +0.528000  -586.607592 -2026.026339 +1228.000000 +0.000000 -1.920879 +90.395604 +22 +50
  +0.576000  -522.076049 -2009.458549 +1228.000000 +0.000000 -3.371429 +89.809524 +22 +50
  +0.624000  -457.217910 -1992.806909 +1228.000000 +0.000000 -4.821978 +89.223443 +22 +50
  +0.672000  -395.042303 -1976.843980 +1228.000000 +0.000000 -6.272527 +88.637363 +22 +50
  +0.720000  -338.423721 -1962.307759 +1228.000000 +0.000000 -7.723077 +88.051282 +22 +50
  +0.768000  -288.662151 -1949.532003 +1228.000000 +0.000000 -9.173626 +87.465201 +22 +50
  +0.816000  -245.548037 -1938.462911 +1228.000000 +0.000000 -10.624176 +86.879121 +22 +50
  +0.864000  -208.986073 -1929.076013 +1228.000000 +0.000000 -12.074725 +86.293040 +22 +50
  +0.912000  -179.503667 -1921.506718 +1228.000000 +0.000000 -13.569231 +85.230769 +22 +50
  +0.960000  -156.473863 -1915.594060 +1228.000000 +0.000000 -14.661538 +84.138462 +22 +50
  +1.008000  -139.844436 -1911.324630 +1228.000000 +0.000000 -14.969231 +83.830769 +22 +50
  +1.056000  -129.782033 -1908.741215 +1228.000000 +0.000000 -14.838462 +83.961538 +22 +50
  +1.104000  -124.783699 -1907.457946 +1228.000000 +0.000000 -13.423077 +85.376923 +22 +50
  +1.152000  -123.050096 -1907.012862 +1228.000000 +0.000000 -8.953846 +89.846154 +22 +50
  +1.200000  -123.000000 -1907.000000 +1228.000000 +0.000000 +0.000000 +90.000000 +22 +50
[END]
