[HEADER]
  GEAR_NOMINAL_VEL = 1.000000
  SAMPLING_MODE = CARTESIAN
  CRC = 4230818067
[RECORDS]
+0.000000 -1437.089000 -1650.745200 +1349.110900 -123.511200 +0.978300 +90.027100 +22 +50
+0.102500 -1435.266900 -1650.913100 +1348.931000 -119.548500 +10.084700 +89.456200 +22 +50
+0.205000 -1413.870700 -1660.064200 +1348.321700 -117.552900 +22.849300 +89.250500 +22 +50
+0.307500 -1361.415400 -1685.141800 +1347.299500 -115.602400 +29.925500 +89.096000 +22 +50
+0.410000 -1271.521800 -1731.642700 +1346.126400 -113.602900 +29.005400 +88.982200 +22 +50
+0.512500 -1143.092500 -1803.103200 +1345.476400 -111.587100 +24.070800 +88.909100 +22 +50
+0.615000 -979.173400 -1900.323300 +1346.064300 -109.541000 +17.094600 +88.872700 +22 +50
+0.717500 -786.110200 -2021.539900 +1348.454800 -107.464900 +9.973100 +88.869800 +22 +50
+0.820000 -573.950500 -2160.871900 +1352.583100 -105.364700 +2.405800 +88.898800 +22 +50
+0.922500 -345.420700 -2316.780100 +1357.828900 -103.165300 -5.261900 +88.954000 +22 +50
+1.025000 -113.043900 -2476.442600 +1362.053500 -100.884700 -12.383900 +89.037400 +22 +50
+1.127500 +112.834600 -2624.562300 +1361.986800 -98.534200 -18.226800 +89.141100 +22 +50
+1.230000 +325.655800 -2749.178800 +1355.254900 -96.096400 -22.218200 +89.262600 +22 +50
+1.332500 +517.422100 -2843.905700 +1341.901600 -93.557500 -23.575800 +89.396600 +22 +50
+1.435000 +679.869800 -2907.684600 +1323.992200 -90.897900 -22.565400 +89.537700 +22 +50
+1.537500 +805.231700 -2943.916100 +1305.016900 -88.092100 -18.582300 +89.679100 +22 +50
+1.640000 +887.875300 -2959.481500 +1289.126700 -85.105300 -13.532400 +89.812000 +22 +50
+1.742500 +927.078700 -2963.354100 +1279.967200 -81.887400 -6.800600 +89.924100 +22 +50
+1.845000 +933.939300 -2963.811300 +1277.857800 -78.360000 +0.000000 +90.000000 +22 +50
[END]
