[HEADER]
  GEAR_NOMINAL_VEL = 1.000000
  SAMPLING_MODE = CARTESIAN
  CRC = 4230818067
[RECORDS]
+0.000000 -1518.572600 -2138.653400 +1244.170800 -69.997600 +0.000000 +90.000000 +22 +50
+0.147500 -1509.285200 -2138.786800 +1247.564900 -69.292300 +11.170900 +90.000000 +22 +50
+0.294900 -1456.915700 -2140.531100 +1265.977000 -68.584600 +12.102500 +90.000000 +22 +50
+0.442400 -1345.766000 -2144.288900 +1304.858600 -67.876300 +10.175200 +90.000000 +22 +50
+0.589800 -1182.051100 -2149.441400 +1361.488300 -67.167000 +5.399700 +90.000000 +22 +50
+0.737300 -985.510500 -2154.756000 +1427.244800 -66.455600 -0.942700 +90.000000 +22 +50
+0.884700 -780.962800 -2158.820100 +1489.786100 -65.740700 -6.743700 +90.000000 +22 +50
+1.032200 -589.513600 -2160.517200 +1535.414100 -65.021100 -10.522700 +90.000000 +22 +50
+1.179700 -421.776700 -2159.129600 +1554.279400 -64.295100 -12.498800 +90.000000 +22 +50
+1.327100 -284.540100 -2154.317900 +1549.144800 -63.559900 -12.857600 +90.000000 +22 +50
+1.474600 -179.687700 -2148.280300 +1521.183200 -62.808300 -11.899200 +90.000000 +22 +50
+1.622000 -103.825300 -2145.214900 +1468.506700 -62.023900 -10.087700 +90.000000 +22 +50
+1.769500 -50.641300 -2149.955300 +1390.537900 -61.179500 -7.988700 +90.000000 +22 +50
+1.916900 -13.343800 -2166.732800 +1292.550400 -60.241700 -6.385400 +90.000000 +22 +50
+2.064400 +12.810500 -2198.286000 +1190.186600 -59.181900 -5.715400 +90.000000 +22 +50
+2.211900 +28.407100 -2245.594100 +1108.669400 -57.987100 -5.380100 +90.000000 +22 +50
+2.359300 +32.992700 -2308.009800 +1063.898900 -56.658200 -4.909000 +90.000000 +22 +50
+2.506800 +28.904600 -2382.328300 +1058.569600 -55.191500 -4.047800 +90.000000 +22 +50
+2.654200 +20.578400 -2463.438300 +1086.561900 -53.551900 -2.788300 +90.000000 +22 +50
+2.801700 +13.379900 -2545.455900 +1136.578000 -51.660900 -1.368400 +90.000000 +22 +50
+2.949200 +12.494800 -2622.762900 +1195.558300 -49.416500 -0.082400 +90.000000 +22 +50
+3.096600 +21.893100 -2690.913900 +1251.958500 -46.739900 +0.843900 +90.000000 +22 +50
+3.244100 +44.174000 -2748.104000 +1296.667300 -43.621400 +1.257000 +90.000000 +22 +50
+3.391500 +80.591000 -2792.644600 +1323.052600 -40.128500 +1.045600 +90.000000 +22 +50
+3.539000 +130.216200 -2819.827300 +1329.740000 -36.373700 +0.358900 +90.000000 +22 +50
+3.686400 +190.720000 -2823.914400 +1319.633700 -32.466900 -0.460900 +90.000000 +22 +50
+3.833900 +259.295400 -2800.441400 +1298.575100 -28.485800 -1.085500 +90.000000 +22 +50
+3.981400 +333.565500 -2748.454700 +1274.048900 -24.472200 -1.338200 +90.000000 +22 +50
+4.128800 +412.465300 -2672.818700 +1253.953100 -20.444000 -1.355900 +90.000000 +22 +50
+4.276300 +496.472500 -2585.306700 +1243.040300 -16.408600 -1.355100 +90.000000 +22 +50
+4.423700 +584.583100 -2495.771000 +1231.789100 -12.373500 -1.271200 +90.000000 +22 +50
+4.571200 +676.873700 -2411.853800 +1215.420600 -8.355200 -0.823300 +90.000000 +22 +50
+4.718600 +775.047100 -2340.811100 +1199.082500 -4.389800 -0.399500 +90.000000 +22 +50
+4.866100 +880.726000 -2288.197500 +1192.128100 -0.544000 -0.723900 +90.000000 +22 +50
+5.013600 +993.777300 -2256.520400 +1202.270300 +3.085700 -1.950300 +90.000000 +22 +50
+5.161000 +1110.723100 -2243.917300 +1229.727800 +6.395100 -3.926900 +90.000000 +22 +50
+5.308500 +1223.345400 -2243.068000 +1261.755200 +9.314000 -5.924700 +90.000000 +22 +50
+5.455900 +1321.413500 -2245.837300 +1280.873400 +11.840400 -6.549200 +90.000000 +22 +50
+5.603400 +1399.607300 -2245.839900 +1282.695100 +14.040300 -5.369800 +90.000000 +22 +50
+5.750800 +1456.707800 -2233.436100 +1269.720100 +16.012400 -2.833400 +90.000000 +22 +50
+5.898300 +1494.454700 -2197.704600 +1248.442300 +17.842100 +0.204000 +90.000000 +22 +50
+6.045800 +1516.547500 -2128.826100 +1227.230000 +19.571300 +2.768800 +90.000000 +22 +50
+6.193200 +1527.686000 -2020.517300 +1214.299800 +21.193800 +4.044700 +90.000000 +22 +50
+6.340700 +1532.712500 -1872.797700 +1215.754000 +22.672000 +3.328300 +90.000000 +22 +50
+6.488100 +1535.785200 -1694.963500 +1233.566800 +23.964100 +0.550700 +90.000000 +22 +50
+6.635600 +1539.683700 -1507.599000 +1264.669400 +25.051500 -3.515700 +90.000000 +22 +50
+6.783100 +1546.219100 -1334.843300 +1305.510600 +25.947500 -7.782900 +90.000000 +22 +50
+6.930500 +1555.733400 -1195.980700 +1348.796500 +26.680500 -11.620200 +90.000000 +22 +50
+7.078000 +1567.239100 -1105.025200 +1383.472300 +27.253200 -14.752700 +90.000000 +22 +50
+7.225400 +1579.027100 -1070.802900 +1397.717300 +27.596400 -16.572900 +90.000000 +22 +50
+7.372900 +1589.134300 -1096.950000 +1382.161800 +27.541400 -16.621400 +90.000000 +22 +50
+7.520300 +1595.716900 -1181.976000 +1332.977900 +26.841600 -14.805600 +90.000000 +22 +50
+7.667800 +1597.533500 -1319.564000 +1254.667100 +25.256300 -11.152800 +90.000000 +22 +50
+7.815300 +1594.529200 -1499.729700 +1161.617900 +22.662600 -6.502900 +90.000000 +22 +50
+7.962700 +1587.719500 -1711.960200 +1067.534900 +19.121000 -2.142500 +90.000000 +22 +50
+8.110200 +1578.929500 -1933.329300 +981.993700 +14.845000 +0.870100 +90.000000 +22 +50
+8.257600 +1570.389000 -2131.134500 +913.359000 +10.100000 +1.338900 +90.000000 +22 +50
+8.405100 +1564.125000 -2275.531800 +866.971400 +5.108600 -1.374200 +90.000000 +22 +50
+8.552500 +1561.339500 -2351.524900 +843.358200 +0.011800 -5.643900 +90.000000 +22 +50
+8.700000 +1561.634000 -2370.323600 +836.462500 -5.117100 -10.000000 +90.000000 +22 +50
[END]


true
stable state found
Calculation time[s] 994.876381
LimitWaterLVL[m] 0.400000
WaterLVL at time zero[m] -0.061623
Timestep[s] | HighestPointXYZ[m] | AngleToY[°] | Distance[m] | AngleX[°] | AngleY[°]
0.000000 0.002589 -0.063194 0.000000 177.653506 0.400000 -0.058638 -0.008053
0.147500 0.043827 -0.011377 -0.006055 104.552266 0.389899 -14.177029 0.236217
0.295000 -0.039076 0.041469 0.022046 316.702185 0.377530 -45.521488 1.212407
0.442500 0.046954 -0.019113 0.012937 112.149696 0.372812 -14.029681 0.274444
0.590000 0.001510 0.005479 0.002378 15.408890 0.395690 -13.510404 -0.209999
0.737500 -0.035756 -0.052190 0.014591 214.415514 0.384717 -13.257255 0.216855
0.885000 0.049066 -0.046925 0.020693 133.722033 0.382020 23.590893 -0.922552
1.032500 -0.021322 -0.057954 0.002213 200.199231 0.386300 19.115778 -1.629549
1.180000 -0.036776 -0.002653 0.013161 265.873397 0.369695 9.228782 -0.721451
1.327500 0.054677 -0.043037 0.017974 128.206823 0.383464 35.558665 -0.489180
1.475000 -0.035695 0.020846 -0.005646 300.284713 0.390166 23.795971 -0.621275
1.622500 -0.039097 0.010965 0.006774 285.666623 0.380632 3.927489 3.085053
1.770000 0.063679 -0.002817 0.022644 92.533061 0.382380 22.969665 3.945494
1.917500 -0.018349 0.041504 0.000856 336.149939 0.395438 11.492600 3.009660
2.065000 -0.045383 0.017484 0.009553 291.069179 0.384394 -4.174604 4.845228
2.212500 0.063290 -0.024022 0.016433 110.784480 0.387213 20.730077 4.073734
2.360000 -0.038335 -0.020722 0.003508 241.606543 0.391437 0.212597 1.788313
2.507500 -0.045727 0.021087 0.004179 294.756783 0.392094 1.712570 3.779634
2.655000 0.053309 0.021783 0.013664 67.774207 0.388666 14.498942 -1.070663
2.802500 -0.034722 -0.040239 0.014193 220.790719 0.384608 -13.875441 -2.664694
2.950000 0.019903 -0.060467 0.000339 161.780795 0.399657 -0.053016 0.387375
3.097500 0.059844 -0.027858 0.006856 114.962464 0.392454 5.360283 -5.545618
3.245000 -0.053477 0.003192 0.023634 273.415887 0.377296 -19.662560 -5.517185
3.392500 -0.024624 0.037363 0.000111 326.613212 0.399873 -3.606738 -0.358161
3.540000 0.059101 -0.024155 0.010626 112.230185 0.389142 6.994290 -9.951232
3.687500 -0.013223 -0.058535 0.018267 192.729403 0.381349 -14.270797 -11.436425
3.835000 -0.037268 -0.026266 0.002400 234.824318 0.396670 1.185951 -2.605501
3.982500 0.015072 -0.063343 0.018207 166.615777 0.380880 9.989567 -11.029493
4.130000 -0.047898 -0.012435 0.017475 255.446492 0.381459 -11.477339 -5.902495
4.277500 0.061505 0.021812 0.008462 70.473568 0.392707 3.190243 6.494170
4.425000 0.033174 -0.057965 0.011531 150.217024 0.387681 7.569997 -4.136046
4.572500 -0.047926 -0.020798 0.017263 246.541052 0.382108 -11.086256 2.405002
4.720000 0.003980 0.053518 0.014940 4.253115 0.385402 1.134872 13.008244
4.867500 0.043991 -0.050129 0.003855 138.731239 0.395716 3.374767 -3.434767
5.015000 -0.031710 0.037158 0.013732 319.523355 0.386940 -9.029789 8.506405
5.162500 0.068584 0.018437 0.011907 74.953421 0.389514 9.451605 8.640058
5.310000 0.046032 -0.052771 0.015538 138.901897 0.377938 13.732476 -9.771814
5.457500 -0.023926 -0.039836 -0.000222 210.989554 0.392725 6.596511 4.730640
5.605000 0.044980 -0.050333 0.003670 138.214487 0.390343 16.004509 2.356691
5.752500 0.051620 -0.038211 0.024342 126.510190 0.373493 11.975843 -18.007500
5.900000 -0.031677 -0.042778 0.003425 216.519854 0.396729 -1.095301 -2.920696
6.047500 0.044700 -0.031742 0.008522 125.379183 0.392538 2.991263 -6.963250
6.195000 0.036211 -0.044225 0.019185 140.689971 0.383039 -1.070183 -21.077042
6.342500 -0.035465 0.044998 0.005581 321.756725 0.391048 -8.084475 1.467729
6.490000 0.054412 -0.035125 0.010739 122.843769 0.389616 2.383023 -6.509926
6.637500 -0.019096 -0.046019 0.006271 202.536448 0.390280 2.788491 -2.037302
6.785000 -0.010942 0.053758 0.020687 348.495076 0.383214 3.698575 19.706562
6.932500 0.063614 -0.015717 0.003434 103.878039 0.383804 14.913361 7.159147
7.080000 0.024778 -0.013348 0.003481 118.311510 0.379279 13.443107 12.918588
7.227500 0.055880 0.046209 0.029715 50.411541 0.365861 15.047827 29.555863
7.375000 0.046003 -0.043043 0.001949 133.096118 0.367486 22.178800 13.487708
7.522500 0.058460 -0.009138 0.003312 98.884127 0.379420 14.906390 11.383109
7.670000 0.036774 0.050488 0.023950 36.068513 0.378022 11.164386 22.535395
7.817500 0.055538 -0.043509 0.000424 128.075488 0.391791 10.225383 4.007777
7.965000 -0.036742 -0.037989 0.000755 224.044022 0.397525 0.783011 1.178470
8.112500 -0.015542 0.049856 0.002674 342.685769 0.396548 -1.556899 3.058946
8.260000 0.000528 -0.050483 0.017564 179.400762 0.383492 -1.023218 -23.217400
8.407500 0.044802 -0.051973 0.011478 139.237856 0.387482 -1.877365 -12.572492
8.555000 0.010278 -0.053081 0.011447 169.041507 0.382110 5.886307 -12.417517