[HEADER]
  GEAR_NOMINAL_VEL = 1.000000
  SAMPLING_MODE = CARTESIAN
  CRC = 4230818067
[RECORDS]
+0.000000 -1518.572600 -2138.653400 +1244.170800 -69.997600 +0.000000 +90.000000 +22 +50
+0.147500 -1509.285200 -2138.786800 +1247.564900 -69.292300 +11.170900 +90.000000 +22 +50
+0.294900 -1456.915700 -2140.531100 +1265.977000 -68.584600 +12.102500 +90.000000 +22 +50
+0.442400 -1345.766000 -2144.288900 +1304.858600 -67.876300 +10.175200 +90.000000 +22 +50
+0.589800 -1182.051100 -2149.441400 +1361.488300 -67.167000 +5.399700 +90.000000 +22 +50
+0.737300 -985.510500 -2154.756000 +1427.244800 -66.455600 -0.942700 +90.000000 +22 +50
+0.884700 -780.962800 -2158.820100 +1489.786100 -65.740700 -6.743700 +90.000000 +22 +50
+1.032200 -589.513600 -2160.517200 +1535.414100 -65.021100 -10.522700 +90.000000 +22 +50
+1.179700 -421.776700 -2159.129600 +1554.279400 -64.295100 -12.498800 +90.000000 +22 +50
+1.327100 -284.540100 -2154.317900 +1549.144800 -63.559900 -12.857600 +90.000000 +22 +50
+1.474600 -179.687700 -2148.280300 +1521.183200 -62.808300 -11.899200 +90.000000 +22 +50
+1.622000 -103.825300 -2145.214900 +1468.506700 -62.023900 -10.087700 +90.000000 +22 +50
+1.769500 -50.641300 -2149.955300 +1390.537900 -61.179500 -7.988700 +90.000000 +22 +50
+1.916900 -13.343800 -2166.732800 +1292.550400 -60.241700 -6.385400 +90.000000 +22 +50
+2.064400 +12.810500 -2198.286000 +1190.186600 -59.181900 -5.715400 +90.000000 +22 +50
+2.211900 +28.407100 -2245.594100 +1108.669400 -57.987100 -5.380100 +90.000000 +22 +50
+2.359300 +32.992700 -2308.009800 +1063.898900 -56.658200 -4.909000 +90.000000 +22 +50
+2.506800 +28.904600 -2382.328300 +1058.569600 -55.191500 -4.047800 +90.000000 +22 +50
+2.654200 +20.578400 -2463.438300 +1086.561900 -53.551900 -2.788300 +90.000000 +22 +50
+2.801700 +13.379900 -2545.455900 +1136.578000 -51.660900 -1.368400 +90.000000 +22 +50
+2.949200 +12.494800 -2622.762900 +1195.558300 -49.416500 -0.082400 +90.000000 +22 +50
+3.096600 +21.893100 -2690.913900 +1251.958500 -46.739900 +0.843900 +90.000000 +22 +50
+3.244100 +44.174000 -2748.104000 +1296.667300 -43.621400 +1.257000 +90.000000 +22 +50
+3.391500 +80.591000 -2792.644600 +1323.052600 -40.128500 +1.045600 +90.000000 +22 +50
+3.539000 +130.216200 -2819.827300 +1329.740000 -36.373700 +0.358900 +90.000000 +22 +50
+3.686400 +190.720000 -2823.914400 +1319.633700 -32.466900 -0.460900 +90.000000 +22 +50
+3.833900 +259.295400 -2800.441400 +1298.575100 -28.485800 -1.085500 +90.000000 +22 +50
+3.981400 +333.565500 -2748.454700 +1274.048900 -24.472200 -1.338200 +90.000000 +22 +50
+4.128800 +412.465300 -2672.818700 +1253.953100 -20.444000 -1.355900 +90.000000 +22 +50
+4.276300 +496.472500 -2585.306700 +1243.040300 -16.408600 -1.355100 +90.000000 +22 +50
+4.423700 +584.583100 -2495.771000 +1231.789100 -12.373500 -1.271200 +90.000000 +22 +50
+4.571200 +676.873700 -2411.853800 +1215.420600 -8.355200 -0.823300 +90.000000 +22 +50
+4.718600 +775.047100 -2340.811100 +1199.082500 -4.389800 -0.399500 +90.000000 +22 +50
+4.866100 +880.726000 -2288.197500 +1192.128100 -0.544000 -0.723900 +90.000000 +22 +50
+5.013600 +993.777300 -2256.520400 +1202.270300 +3.085700 -1.950300 +90.000000 +22 +50
+5.161000 +1110.723100 -2243.917300 +1229.727800 +6.395100 -3.926900 +90.000000 +22 +50
+5.308500 +1223.345400 -2243.068000 +1261.755200 +9.314000 -5.924700 +90.000000 +22 +50
+5.455900 +1321.413500 -2245.837300 +1280.873400 +11.840400 -6.549200 +90.000000 +22 +50
+5.603400 +1399.607300 -2245.839900 +1282.695100 +14.040300 -5.369800 +90.000000 +22 +50
+5.750800 +1456.707800 -2233.436100 +1269.720100 +16.012400 -2.833400 +90.000000 +22 +50
+5.898300 +1494.454700 -2197.704600 +1248.442300 +17.842100 +0.204000 +90.000000 +22 +50
+6.045800 +1516.547500 -2128.826100 +1227.230000 +19.571300 +2.768800 +90.000000 +22 +50
+6.193200 +1527.686000 -2020.517300 +1214.299800 +21.193800 +4.044700 +90.000000 +22 +50
+6.340700 +1532.712500 -1872.797700 +1215.754000 +22.672000 +3.328300 +90.000000 +22 +50
+6.488100 +1535.785200 -1694.963500 +1233.566800 +23.964100 +0.550700 +90.000000 +22 +50
+6.635600 +1539.683700 -1507.599000 +1264.669400 +25.051500 -3.515700 +90.000000 +22 +50
+6.783100 +1546.219100 -1334.843300 +1305.510600 +25.947500 -7.782900 +90.000000 +22 +50
+6.930500 +1555.733400 -1195.980700 +1348.796500 +26.680500 -11.620200 +90.000000 +22 +50
+7.078000 +1567.239100 -1105.025200 +1383.472300 +27.253200 -14.752700 +90.000000 +22 +50
+7.225400 +1579.027100 -1070.802900 +1397.717300 +27.596400 -16.572900 +90.000000 +22 +50
+7.372900 +1589.134300 -1096.950000 +1382.161800 +27.541400 -16.621400 +90.000000 +22 +50
+7.520300 +1595.716900 -1181.976000 +1332.977900 +26.841600 -14.805600 +90.000000 +22 +50
+7.667800 +1597.533500 -1319.564000 +1254.667100 +25.256300 -11.152800 +90.000000 +22 +50
+7.815300 +1594.529200 -1499.729700 +1161.617900 +22.662600 -6.502900 +90.000000 +22 +50
+7.962700 +1587.719500 -1711.960200 +1067.534900 +19.121000 -2.142500 +90.000000 +22 +50
+8.110200 +1578.929500 -1933.329300 +981.993700 +14.845000 +0.870100 +90.000000 +22 +50
+8.257600 +1570.389000 -2131.134500 +913.359000 +10.100000 +1.338900 +90.000000 +22 +50
+8.405100 +1564.125000 -2275.531800 +866.971400 +5.108600 -1.374200 +90.000000 +22 +50
+8.552500 +1561.339500 -2351.524900 +843.358200 +0.011800 -5.643900 +90.000000 +22 +50
+8.700000 +1561.634000 -2370.323600 +836.462500 -5.117100 -10.000000 +90.000000 +22 +50
[END]


true
stable state found
Calculation time[s] 714.262046
LimitWaterLVL[m] 0.400000
WaterLVL at time zero[m] -0.061623
Timestep[s] | HighestPointXYZ[m] | AngleToY[°] | Distance[m] | AngleX[°] | AngleY[°]
0.000000 0.002589 -0.063194 0.000000 177.653506 0.400000 -0.058638 -0.008053
0.147500 0.043827 -0.011377 -0.006055 104.552266 0.389899 -13.545681 0.139509
0.295000 -0.050808 0.028211 0.028713 299.041466 0.373538 -47.302942 0.793824
0.442500 -0.039892 0.040697 0.009883 315.572517 0.390758 -22.413586 1.174935
0.590000 0.051826 -0.004596 0.002381 95.068249 0.391005 -5.984494 -0.058455
0.737500 -0.035554 -0.052232 0.010466 214.243081 0.388845 -13.531201 -0.432507
0.885000 0.021835 -0.018184 0.004965 129.786931 0.394701 13.792690 -0.535669
1.032500 0.058315 -0.045100 0.017346 127.717677 0.386114 31.137748 -1.001807
1.180000 -0.027856 -0.045603 -0.000458 211.418074 0.383988 17.528791 -2.030677
1.327500 -0.024153 -0.053430 -0.003270 204.325239 0.386485 20.354846 -0.786919
1.475000 0.062835 -0.021794 0.018884 109.128599 0.385219 32.029181 1.183437
1.622500 0.060133 -0.029404 0.008705 116.057759 0.394963 20.341117 2.643029
1.770000 -0.038311 -0.005231 0.000887 262.225184 0.389867 7.104509 4.405390
1.917500 -0.031589 0.033974 -0.000719 317.083343 0.395411 12.295662 5.940126
2.065000 0.014657 0.047673 0.004465 17.090009 0.395894 11.442058 4.690050
2.212500 -0.037350 0.025561 0.002988 304.386652 0.392337 4.536469 3.646793
2.360000 -0.042855 0.018575 -0.001091 293.433758 0.396418 9.857384 3.769517
2.507500 -0.029027 -0.054375 -0.002290 208.094632 0.398325 6.455132 1.643137
2.655000 -0.030621 -0.047510 0.001926 212.802466 0.395520 -0.108012 0.324006
2.802500 -0.015812 -0.063549 -0.000272 193.972371 0.399322 2.197698 -0.236007
2.950000 -0.027947 -0.057541 0.003649 205.905311 0.396284 -2.471259 -2.966513
3.097500 -0.053576 0.009704 0.004635 280.266445 0.395991 -7.844273 -4.512512
3.245000 -0.050397 -0.005106 0.004576 264.214787 0.396369 -6.256358 -4.065202
3.392500 -0.049684 -0.008038 0.004274 260.810172 0.396519 -5.750308 -5.153916
3.540000 -0.031119 -0.037364 0.007296 219.789579 0.392988 -5.901112 -8.569501
3.687500 -0.000283 -0.063730 0.010855 180.254426 0.388818 -3.165288 -11.239351
3.835000 0.005202 -0.066017 0.010815 175.494523 0.388360 0.099518 -9.800798
3.982500 0.005692 -0.065411 0.007169 175.026706 0.391727 -0.206198 -7.498451
4.130000 0.010632 -0.064517 0.003941 170.642118 0.394949 -0.657336 -5.297331
4.277500 -0.046775 -0.015925 0.001692 251.198363 0.397237 0.268185 -0.331079
4.425000 -0.042186 0.013314 0.001827 287.515818 0.397823 0.600282 1.875395
4.572500 -0.035916 0.018939 0.002450 297.803297 0.397503 -0.625079 2.662351
4.720000 -0.034790 0.032497 0.003300 313.048235 0.396797 -2.409994 5.844205
4.867500 -0.014759 0.051936 0.007287 344.136000 0.393231 -2.059802 6.977835
5.015000 0.026410 0.042922 0.004088 31.603957 0.397342 0.442482 5.316178
5.162500 -0.019106 0.007167 0.001751 290.563012 0.397484 4.107753 4.510649
5.310000 0.045592 -0.050650 0.000502 138.008413 0.393099 10.288311 2.038812
5.457500 0.056474 -0.043612 0.005903 127.677085 0.387516 15.963797 -1.004967
5.605000 0.049920 -0.048793 0.008138 134.345886 0.386086 14.773216 -3.019079
5.752500 0.048850 -0.047337 0.009330 134.098825 0.388026 8.820558 -7.438492
5.900000 0.024873 -0.046886 0.010577 152.054071 0.389585 5.046391 -12.134132
6.047500 0.014870 -0.045382 0.009946 161.857947 0.391785 1.422546 -11.821431
6.195000 0.029451 -0.044823 0.008657 146.693101 0.393573 -3.553529 -10.619881
6.342500 0.022185 -0.044188 0.009679 153.340631 0.392286 -2.864346 -12.583102
6.490000 -0.020238 -0.046295 0.003895 203.612690 0.396518 -0.314352 -3.796905
6.637500 -0.007586 0.053285 0.006878 351.897448 0.395678 1.826025 5.892897
6.785000 0.044568 0.051287 0.009251 40.990384 0.393432 6.722873 9.424628
6.932500 0.027144 0.051866 0.015948 27.625250 0.385921 11.757699 14.668047
7.080000 0.028858 0.057072 0.025042 26.823077 0.376087 14.083589 22.414650
7.227500 0.058170 0.046579 0.021700 51.314376 0.373562 17.278786 21.611641
7.375000 0.071433 0.028797 0.013264 68.044010 0.376062 19.007500 18.453563
7.522500 0.033330 0.053393 0.025240 31.974024 0.374851 16.620770 22.771512
7.670000 0.053784 0.046684 0.019190 49.042330 0.381657 12.956464 18.440632
7.817500 0.029818 0.053988 0.012590 28.912218 0.390869 8.421331 9.154942
7.965000 0.052588 0.036022 0.003394 55.589435 0.397706 2.472778 5.703518
8.112500 -0.028342 -0.048132 0.002634 210.491237 0.398087 -1.661529 -4.249834
8.260000 0.016838 -0.053203 0.013399 162.438123 0.387653 -2.150528 -18.089338
8.407500 0.038872 -0.053257 0.015501 143.874493 0.383394 0.145490 -19.299134
8.555000 0.039038 -0.057211 0.017901 145.692276 0.376272 4.746601 -17.036660