[HEADER]
  GEAR_NOMINAL_VEL = 1.000000
  SAMPLING_MODE = CARTESIAN
  CRC = 4230818067
[RECORDS]
+0.000000 -1518.572600 -2138.653400 +1244.170800 -69.997600 +0.000000 +90.000000 +22 +50
+0.147500 -1509.285200 -2138.786800 +1247.564900 -69.292300 +11.170900 +90.000000 +22 +50
+0.294900 -1456.915700 -2140.531100 +1265.977000 -68.584600 +12.102500 +90.000000 +22 +50
+0.442400 -1345.766000 -2144.288900 +1304.858600 -67.876300 +10.175200 +90.000000 +22 +50
+0.589800 -1182.051100 -2149.441400 +1361.488300 -67.167000 +5.399700 +90.000000 +22 +50
+0.737300 -985.510500 -2154.756000 +1427.244800 -66.455600 -0.942700 +90.000000 +22 +50
+0.884700 -780.962800 -2158.820100 +1489.786100 -65.740700 -6.743700 +90.000000 +22 +50
+1.032200 -589.513600 -2160.517200 +1535.414100 -65.021100 -10.522700 +90.000000 +22 +50
+1.179700 -421.776700 -2159.129600 +1554.279400 -64.295100 -12.498800 +90.000000 +22 +50
+1.327100 -284.540100 -2154.317900 +1549.144800 -63.559900 -12.857600 +90.000000 +22 +50
+1.474600 -179.687700 -2148.280300 +1521.183200 -62.808300 -11.899200 +90.000000 +22 +50
+1.622000 -103.825300 -2145.214900 +1468.506700 -62.023900 -10.087700 +90.000000 +22 +50
+1.769500 -50.641300 -2149.955300 +1390.537900 -61.179500 -7.988700 +90.000000 +22 +50
+1.916900 -13.343800 -2166.732800 +1292.550400 -60.241700 -6.385400 +90.000000 +22 +50
+2.064400 +12.810500 -2198.286000 +1190.186600 -59.181900 -5.715400 +90.000000 +22 +50
+2.211900 +28.407100 -2245.594100 +1108.669400 -57.987100 -5.380100 +90.000000 +22 +50
+2.359300 +32.992700 -2308.009800 +1063.898900 -56.658200 -4.909000 +90.000000 +22 +50
+2.506800 +28.904600 -2382.328300 +1058.569600 -55.191500 -4.047800 +90.000000 +22 +50
+2.654200 +20.578400 -2463.438300 +1086.561900 -53.551900 -2.788300 +90.000000 +22 +50
+2.801700 +13.379900 -2545.455900 +1136.578000 -51.660900 -1.368400 +90.000000 +22 +50
+2.949200 +12.494800 -2622.762900 +1195.558300 -49.416500 -0.082400 +90.000000 +22 +50
+3.096600 +21.893100 -2690.913900 +1251.958500 -46.739900 +0.843900 +90.000000 +22 +50
+3.244100 +44.174000 -2748.104000 +1296.667300 -43.621400 +1.257000 +90.000000 +22 +50
+3.391500 +80.591000 -2792.644600 +1323.052600 -40.128500 +1.045600 +90.000000 +22 +50
+3.539000 +130.216200 -2819.827300 +1329.740000 -36.373700 +0.358900 +90.000000 +22 +50
+3.686400 +190.720000 -2823.914400 +1319.633700 -32.466900 -0.460900 +90.000000 +22 +50
+3.833900 +259.295400 -2800.441400 +1298.575100 -28.485800 -1.085500 +90.000000 +22 +50
+3.981400 +333.565500 -2748.454700 +1274.048900 -24.472200 -1.338200 +90.000000 +22 +50
+4.128800 +412.465300 -2672.818700 +1253.953100 -20.444000 -1.355900 +90.000000 +22 +50
+4.276300 +496.472500 -2585.306700 +1243.040300 -16.408600 -1.355100 +90.000000 +22 +50
+4.423700 +584.583100 -2495.771000 +1231.789100 -12.373500 -1.271200 +90.000000 +22 +50
+4.571200 +676.873700 -2411.853800 +1215.420600 -8.355200 -0.823300 +90.000000 +22 +50
+4.718600 +775.047100 -2340.811100 +1199.082500 -4.389800 -0.399500 +90.000000 +22 +50
+4.866100 +880.726000 -2288.197500 +1192.128100 -0.544000 -0.723900 +90.000000 +22 +50
+5.013600 +993.777300 -2256.520400 +1202.270300 +3.085700 -1.950300 +90.000000 +22 +50
+5.161000 +1110.723100 -2243.917300 +1229.727800 +6.395100 -3.926900 +90.000000 +22 +50
+5.308500 +1223.345400 -2243.068000 +1261.755200 +9.314000 -5.924700 +90.000000 +22 +50
+5.455900 +1321.413500 -2245.837300 +1280.873400 +11.840400 -6.549200 +90.000000 +22 +50
+5.603400 +1399.607300 -2245.839900 +1282.695100 +14.040300 -5.369800 +90.000000 +22 +50
+5.750800 +1456.707800 -2233.436100 +1269.720100 +16.012400 -2.833400 +90.000000 +22 +50
+5.898300 +1494.454700 -2197.704600 +1248.442300 +17.842100 +0.204000 +90.000000 +22 +50
+6.045800 +1516.547500 -2128.826100 +1227.230000 +19.571300 +2.768800 +90.000000 +22 +50
+6.193200 +1527.686000 -2020.517300 +1214.299800 +21.193800 +4.044700 +90.000000 +22 +50
+6.340700 +1532.712500 -1872.797700 +1215.754000 +22.672000 +3.328300 +90.000000 +22 +50
+6.488100 +1535.785200 -1694.963500 +1233.566800 +23.964100 +0.550700 +90.000000 +22 +50
+6.635600 +1539.683700 -1507.599000 +1264.669400 +25.051500 -3.515700 +90.000000 +22 +50
+6.783100 +1546.219100 -1334.843300 +1305.510600 +25.947500 -7.782900 +90.000000 +22 +50
+6.930500 +1555.733400 -1195.980700 +1348.796500 +26.680500 -11.620200 +90.000000 +22 +50
+7.078000 +1567.239100 -1105.025200 +1383.472300 +27.253200 -14.752700 +90.000000 +22 +50
+7.225400 +1579.027100 -1070.802900 +1397.717300 +27.596400 -16.572900 +90.000000 +22 +50
+7.372900 +1589.134300 -1096.950000 +1382.161800 +27.541400 -16.621400 +90.000000 +22 +50
+7.520300 +1595.716900 -1181.976000 +1332.977900 +26.841600 -14.805600 +90.000000 +22 +50
+7.667800 +1597.533500 -1319.564000 +1254.667100 +25.256300 -11.152800 +90.000000 +22 +50
+7.815300 +1594.529200 -1499.729700 +1161.617900 +22.662600 -6.502900 +90.000000 +22 +50
+7.962700 +1587.719500 -1711.960200 +1067.534900 +19.121000 -2.142500 +90.000000 +22 +50
+8.110200 +1578.929500 -1933.329300 +981.993700 +14.845000 +0.870100 +90.000000 +22 +50
+8.257600 +1570.389000 -2131.134500 +913.359000 +10.100000 +1.338900 +90.000000 +22 +50
+8.405100 +1564.125000 -2275.531800 +866.971400 +5.108600 -1.374200 +90.000000 +22 +50
+8.552500 +1561.339500 -2351.524900 +843.358200 +0.011800 -5.643900 +90.000000 +22 +50
+8.700000 +1561.634000 -2370.323600 +836.462500 -5.117100 -10.000000 +90.000000 +22 +50
[END]


true
stable state found
Calculation time[s] 951.075852
LimitWaterLVL[m] 0.400000
WaterLVL at time zero[m] -0.061623
Timestep[s] | HighestPointXYZ[m] | AngleToY[°] | Distance[m] | AngleX[°] | AngleY[°]
0.000000 0.002589 -0.063194 0.000000 177.653506 0.400000 -0.058638 -0.008053
0.147500 0.043827 -0.011377 -0.006055 104.552266 0.389899 -14.110817 0.205383
0.295000 -0.051260 0.032232 0.028142 302.161430 0.374170 -45.800845 1.127342
0.442500 0.046954 -0.019113 0.012937 112.149696 0.372812 -14.234077 0.350712
0.590000 0.011855 0.001951 0.001485 80.654024 0.395623 -13.186038 -0.265119
0.737500 -0.039585 -0.049580 0.014266 218.604210 0.384982 -13.411552 0.107101
0.885000 0.046785 -0.051918 0.019881 137.977066 0.382516 23.297982 -0.846365
1.032500 -0.024778 -0.055005 -0.002044 204.250008 0.389904 19.802716 -1.303837
1.180000 -0.032486 -0.009963 0.010213 252.950281 0.373340 9.362416 -0.800478
1.327500 0.058167 -0.040027 0.018775 124.533590 0.383530 34.854268 -0.367824
1.475000 0.004665 -0.010108 0.002096 155.225291 0.390048 23.962891 -0.381790
1.622500 -0.035477 0.014325 0.007402 291.988394 0.380723 4.758767 2.980157
1.770000 0.058129 0.005951 0.018206 84.155046 0.386199 22.113253 4.248232
1.917500 -0.018349 0.041504 0.000856 336.149939 0.395438 11.790283 3.547381
2.065000 -0.036833 -0.026041 0.006598 234.739721 0.387357 -3.328774 4.475194
2.212500 0.050720 0.024887 0.015197 63.864365 0.388245 19.519333 4.173916
2.360000 -0.044265 0.022395 0.003371 296.836226 0.391931 1.409315 1.682622
2.507500 -0.045727 0.021087 0.004179 294.756783 0.392094 1.770423 3.277614
2.655000 0.063539 -0.010469 0.010709 99.356274 0.391651 13.087660 -0.059567
2.802500 -0.029402 -0.056429 0.010517 207.521503 0.388282 -11.733807 -2.786400
2.950000 0.019903 -0.060467 0.000339 161.780795 0.399657 -0.653395 -0.213523
3.097500 0.059844 -0.027858 0.006856 114.962464 0.392454 3.716419 -4.399543
3.245000 -0.051577 0.006969 0.016057 277.695108 0.384796 -17.253943 -5.832437
3.392500 -0.053194 -0.003609 0.001071 266.118659 0.399737 -3.775250 -1.305592
3.540000 0.064561 -0.016227 0.007028 104.108680 0.392684 4.855180 -8.249944
3.687500 -0.005043 -0.060910 0.014704 184.732968 0.384952 -11.989135 -11.609640
3.835000 -0.034658 -0.029216 0.002455 229.869782 0.396616 1.316305 -3.165634
3.982500 0.029682 -0.059607 0.011471 153.528456 0.387916 7.526658 -8.861712
4.130000 -0.048548 -0.017127 0.013406 250.567929 0.385432 -9.214553 -6.433397
4.277500 0.037475 0.038319 0.007745 44.362012 0.393401 2.975770 5.584196
4.425000 0.023774 -0.061503 0.003931 158.865978 0.395102 6.164189 -2.662226
4.572500 -0.043996 -0.027289 0.010125 238.190289 0.389190 -8.568343 1.371196
4.720000 0.017800 0.053678 0.010925 18.345882 0.389458 0.790639 11.778696
4.867500 0.043761 -0.049747 0.000320 138.662844 0.399254 1.547219 0.139898
5.015000 -0.035740 0.030489 0.009795 310.466665 0.390618 -6.224338 5.700473
5.162500 0.066984 0.023231 0.011841 70.872882 0.389873 8.578628 8.256864
5.310000 0.046652 -0.052326 0.008536 138.280940 0.384959 12.598323 -5.449894
5.457500 0.051554 -0.046047 0.001303 131.770590 0.391731 8.145685 0.745110
5.605000 0.056700 -0.041629 0.004734 126.286023 0.390208 14.849469 2.340019
5.752500 0.054760 -0.040497 0.017178 126.484265 0.380545 10.997304 -13.699652
5.900000 -0.039367 -0.033179 0.003444 229.875051 0.396677 0.066275 -7.259729
6.047500 0.040850 -0.045952 0.008695 138.363829 0.393053 1.864476 -5.838251
6.195000 0.041491 -0.043346 0.014922 136.252797 0.387236 -1.066135 -18.264610
6.342500 -0.034675 0.042687 0.001248 320.912761 0.395510 -7.530750 -3.065532
6.490000 0.051282 -0.038200 0.003708 126.682453 0.396674 1.098439 -2.919778
6.637500 0.034384 -0.041694 0.001966 140.488450 0.394553 3.916097 -0.924577
6.785000 0.007428 0.053643 0.015897 7.883671 0.387686 3.581210 15.100239
6.932500 0.062954 -0.029243 -0.000568 114.915517 0.385034 13.982544 11.197078
7.080000 0.035678 -0.021498 -0.001397 121.071326 0.381587 15.059099 12.814054
7.227500 0.048960 0.052769 0.027197 42.855698 0.370390 13.932501 25.478782
7.375000 0.066233 0.003517 0.007589 86.960425 0.374526 21.195953 17.729956
7.522500 0.065760 -0.009999 0.001183 98.645766 0.381038 17.085078 12.431009
7.670000 0.001194 0.051878 0.016659 1.318460 0.386072 9.284248 17.533276
7.817500 0.045128 0.036888 0.006429 50.737152 0.394975 9.982936 7.523730
7.965000 0.053538 -0.006371 -0.000260 96.786261 0.399773 2.897904 2.149731
8.112500 -0.028342 -0.048132 0.002634 210.491237 0.398087 -3.740869 -1.420046
8.260000 0.013158 -0.053339 0.013478 166.142714 0.387592 -0.273988 -17.507170
8.407500 0.031252 -0.057870 0.014844 151.629267 0.383897 -0.578465 -15.787865
8.555000 0.024148 -0.057944 0.012852 157.376203 0.380728 3.491871 -14.161704