[HEADER]
  GEAR_NOMINAL_VEL = 1.000000
  SAMPLING_MODE = CARTESIAN
  CRC = 4230818067
[RECORDS]
+0.000000 -1518.572600 -2138.653400 +1244.170800 -69.997600 +0.000000 +90.000000 +22 +50
+0.147500 -1509.285200 -2138.786800 +1247.564900 -69.292300 +11.170900 +90.000000 +22 +50
+0.294900 -1456.915700 -2140.531100 +1265.977000 -68.584600 +12.102500 +90.000000 +22 +50
+0.442400 -1345.766000 -2144.288900 +1304.858600 -67.876300 +10.175200 +90.000000 +22 +50
+0.589800 -1182.051100 -2149.441400 +1361.488300 -67.167000 +5.399700 +90.000000 +22 +50
+0.737300 -985.510500 -2154.756000 +1427.244800 -66.455600 -0.942700 +90.000000 +22 +50
+0.884700 -780.962800 -2158.820100 +1489.786100 -65.740700 -6.743700 +90.000000 +22 +50
+1.032200 -589.513600 -2160.517200 +1535.414100 -65.021100 -10.522700 +90.000000 +22 +50
+1.179700 -421.776700 -2159.129600 +1554.279400 -64.295100 -12.498800 +90.000000 +22 +50
+1.327100 -284.540100 -2154.317900 +1549.144800 -63.559900 -12.857600 +90.000000 +22 +50
+1.474600 -179.687700 -2148.280300 +1521.183200 -62.808300 -11.899200 +90.000000 +22 +50
+1.622000 -103.825300 -2145.214900 +1468.506700 -62.023900 -10.087700 +90.000000 +22 +50
+1.769500 -50.641300 -2149.955300 +1390.537900 -61.179500 -7.988700 +90.000000 +22 +50
+1.916900 -13.343800 -2166.732800 +1292.550400 -60.241700 -6.385400 +90.000000 +22 +50
+2.064400 +12.810500 -2198.286000 +1190.186600 -59.181900 -5.715400 +90.000000 +22 +50
+2.211900 +28.407100 -2245.594100 +1108.669400 -57.987100 -5.380100 +90.000000 +22 +50
+2.359300 +32.992700 -2308.009800 +1063.898900 -56.658200 -4.909000 +90.000000 +22 +50
+2.506800 +28.904600 -2382.328300 +1058.569600 -55.191500 -4.047800 +90.000000 +22 +50
+2.654200 +20.578400 -2463.438300 +1086.561900 -53.551900 -2.788300 +90.000000 +22 +50
+2.801700 +13.379900 -2545.455900 +1136.578000 -51.660900 -1.368400 +90.000000 +22 +50
+2.949200 +12.494800 -2622.762900 +1195.558300 -49.416500 -0.082400 +90.000000 +22 +50
+3.096600 +21.893100 -2690.913900 +1251.958500 -46.739900 +0.843900 +90.000000 +22 +50
+3.244100 +44.174000 -2748.104000 +1296.667300 -43.621400 +1.257000 +90.000000 +22 +50
+3.391500 +80.591000 -2792.644600 +1323.052600 -40.128500 +1.045600 +90.000000 +22 +50
+3.539000 +130.216200 -2819.827300 +1329.740000 -36.373700 +0.358900 +90.000000 +22 +50
+3.686400 +190.720000 -2823.914400 +1319.633700 -32.466900 -0.460900 +90.000000 +22 +50
+3.833900 +259.295400 -2800.441400 +1298.575100 -28.485800 -1.085500 +90.000000 +22 +50
+3.981400 +333.565500 -2748.454700 +1274.048900 -24.472200 -1.338200 +90.000000 +22 +50
+4.128800 +412.465300 -2672.818700 +1253.953100 -20.444000 -1.355900 +90.000000 +22 +50
+4.276300 +496.472500 -2585.306700 +1243.040300 -16.408600 -1.355100 +90.000000 +22 +50
+4.423700 +584.583100 -2495.771000 +1231.789100 -12.373500 -1.271200 +90.000000 +22 +50
+4.571200 +676.873700 -2411.853800 +1215.420600 -8.355200 -0.823300 +90.000000 +22 +50
+4.718600 +775.047100 -2340.811100 +1199.082500 -4.389800 -0.399500 +90.000000 +22 +50
+4.866100 +880.726000 -2288.197500 +1192.128100 -0.544000 -0.723900 +90.000000 +22 +50
+5.013600 +993.777300 -2256.520400 +1202.270300 +3.085700 -1.950300 +90.000000 +22 +50
+5.161000 +1110.723100 -2243.917300 +1229.727800 +6.395100 -3.926900 +90.000000 +22 +50
+5.308500 +1223.345400 -2243.068000 +1261.755200 +9.314000 -5.924700 +90.000000 +22 +50
+5.455900 +1321.413500 -2245.837300 +1280.873400 +11.840400 -6.549200 +90.000000 +22 +50
+5.603400 +1399.607300 -2245.839900 +1282.695100 +14.040300 -5.369800 +90.000000 +22 +50
+5.750800 +1456.707800 -2233.436100 +1269.720100 +16.012400 -2.833400 +90.000000 +22 +50
+5.898300 +1494.454700 -2197.704600 +1248.442300 +17.842100 +0.204000 +90.000000 +22 +50
+6.045800 +1516.547500 -2128.826100 +1227.230000 +19.571300 +2.768800 +90.000000 +22 +50
+6.193200 +1527.686000 -2020.517300 +1214.299800 +21.193800 +4.044700 +90.000000 +22 +50
+6.340700 +1532.712500 -1872.797700 +1215.754000 +22.672000 +3.328300 +90.000000 +22 +50
+6.488100 +1535.785200 -1694.963500 +1233.566800 +23.964100 +0.550700 +90.000000 +22 +50
+6.635600 +1539.683700 -1507.599000 +1264.669400 +25.051500 -3.515700 +90.000000 +22 +50
+6.783100 +1546.219100 -1334.843300 +1305.510600 +25.947500 -7.782900 +90.000000 +22 +50
+6.930500 +1555.733400 -1195.980700 +1348.796500 +26.680500 -11.620200 +90.000000 +22 +50
+7.078000 +1567.239100 -1105.025200 +1383.472300 +27.253200 -14.752700 +90.000000 +22 +50
+7.225400 +1579.027100 -1070.802900 +1397.717300 +27.596400 -16.572900 +90.000000 +22 +50
+7.372900 +1589.134300 -1096.950000 +1382.161800 +27.541400 -16.621400 +90.000000 +22 +50
+7.520300 +1595.716900 -1181.976000 +1332.977900 +26.841600 -14.805600 +90.000000 +22 +50
+7.667800 +1597.533500 -1319.564000 +1254.667100 +25.256300 -11.152800 +90.000000 +22 +50
+7.815300 +1594.529200 -1499.729700 +1161.617900 +22.662600 -6.502900 +90.000000 +22 +50
+7.962700 +1587.719500 -1711.960200 +1067.534900 +19.121000 -2.142500 +90.000000 +22 +50
+8.110200 +1578.929500 -1933.329300 +981.993700 +14.845000 +0.870100 +90.000000 +22 +50
+8.257600 +1570.389000 -2131.134500 +913.359000 +10.100000 +1.338900 +90.000000 +22 +50
+8.405100 +1564.125000 -2275.531800 +866.971400 +5.108600 -1.374200 +90.000000 +22 +50
+8.552500 +1561.339500 -2351.524900 +843.358200 +0.011800 -5.643900 +90.000000 +22 +50
+8.700000 +1561.634000 -2370.323600 +836.462500 -5.117100 -10.000000 +90.000000 +22 +50
[END]


true
stable state found
Calculation time[s] 960.056044
LimitWaterLVL[m] 0.400000
WaterLVL at time zero[m] -0.061623
Timestep[s] | HighestPointXYZ[m] | AngleToY[°] | Distance[m] | AngleX[°] | AngleY[°]
0.000000 0.002589 -0.063194 0.000000 177.653506 0.400000 -0.058638 -0.008053
0.147500 0.043827 -0.011377 -0.006055 104.552266 0.389899 -14.068301 0.225399
0.295000 -0.051260 0.032232 0.028142 302.161430 0.374170 -45.765059 1.157462
0.442500 0.046954 -0.019113 0.012937 112.149696 0.372812 -14.079508 0.248050
0.590000 0.007685 0.003767 0.001831 63.885648 0.395662 -13.383322 -0.252908
0.737500 -0.039585 -0.049580 0.014266 218.604210 0.384982 -13.438512 0.139761
0.885000 0.042632 -0.054785 0.019654 142.110994 0.382230 23.374691 -0.942298
1.032500 -0.001300 -0.063905 0.002055 181.165395 0.390004 19.707821 -1.351440
1.180000 -0.032486 -0.009963 0.010213 252.950281 0.373340 9.217343 -0.715569
1.327500 0.054677 -0.043037 0.017974 128.206823 0.383464 35.212314 -0.414029
1.475000 0.006645 -0.009856 0.002474 146.012082 0.390089 23.883696 -0.500384
1.622500 -0.035477 0.014325 0.007402 291.988394 0.380723 4.431830 3.000243
1.770000 0.064489 -0.007548 0.019180 96.675359 0.385820 22.508552 4.157303
1.917500 -0.018349 0.041504 0.000856 336.149939 0.395438 11.639203 3.375768
2.065000 -0.044443 0.021244 0.009615 295.548478 0.384494 -3.605874 4.572991
2.212500 0.054940 0.012838 0.015566 76.847023 0.388030 20.099272 4.206490
2.360000 -0.044265 0.022395 0.003371 296.836226 0.391931 1.096356 1.720793
2.507500 -0.045727 0.021087 0.004179 294.756783 0.392094 1.762043 3.607510
2.655000 0.063539 -0.010469 0.010709 99.356274 0.391651 13.776538 -0.494042
2.802500 -0.050722 0.014310 0.013756 285.755144 0.385092 -12.468368 -2.750000
2.950000 0.019903 -0.060467 0.000339 161.780795 0.399657 -0.220816 0.046222
3.097500 0.059844 -0.027858 0.006856 114.962464 0.392454 4.372423 -4.737401
3.245000 -0.053797 0.007058 0.019896 277.474340 0.381001 -18.474468 -5.938615
3.392500 -0.053194 -0.003609 0.001071 266.118659 0.399737 -3.435339 -0.629664
3.540000 0.064561 -0.016227 0.007028 104.108680 0.392684 5.790832 -8.818129
3.687500 -0.000453 -0.063771 0.014982 180.406996 0.384690 -13.253395 -11.511980
3.835000 0.054192 -0.032917 0.004021 121.275097 0.396263 1.538173 -2.891009
3.982500 0.014742 -0.064288 0.014932 167.084688 0.384133 8.619554 -9.539712
4.130000 -0.049418 -0.008841 0.017294 259.856951 0.381681 -10.562768 -6.529124
4.277500 0.041515 0.041930 0.008267 44.715051 0.393004 3.561845 6.057123
4.425000 0.027304 -0.057515 0.007508 154.604983 0.391642 6.483297 -3.063417
4.572500 -0.046296 -0.024158 0.013854 242.443720 0.385485 -10.061285 1.308287
4.720000 0.000680 0.056206 0.014275 0.693151 0.386074 1.329060 12.493593
4.867500 0.060101 -0.024177 0.000764 111.913584 0.399185 2.629836 -1.619538
5.015000 -0.044620 0.004208 0.009587 275.387487 0.389882 -7.996488 6.432268
5.162500 0.068584 0.018437 0.011907 74.953421 0.389514 9.375203 8.888335
5.310000 0.046332 -0.052628 0.011905 138.640347 0.381571 13.130089 -6.973891
5.457500 -0.016236 -0.043357 0.001020 200.529538 0.391219 7.196495 1.735208
5.605000 0.044980 -0.050333 0.003670 138.214487 0.390343 15.861906 2.574203
5.752500 0.054300 -0.039518 0.020425 126.046065 0.377349 11.329885 -15.101602
5.900000 -0.019177 -0.044993 0.006923 203.084763 0.393237 -1.214170 -5.943335
6.047500 0.036830 -0.042234 0.008906 138.910135 0.392664 3.083688 -6.011716
6.195000 0.035831 -0.044494 0.015791 141.155773 0.386442 -1.306927 -19.145344
6.342500 -0.035465 0.044998 0.005581 321.756725 0.391048 -8.222048 -1.751262
6.490000 0.051412 -0.038486 0.007090 126.817795 0.393295 2.393085 -4.438049
6.637500 -0.009746 -0.045357 0.003003 192.126931 0.393532 3.241716 -1.383227
6.785000 -0.001852 0.056164 0.018391 358.111364 0.385684 2.902100 16.752943
6.932500 0.060864 -0.033065 -0.000867 118.513481 0.384610 15.246415 9.964525
7.080000 0.029878 -0.014858 0.000857 116.440652 0.381271 14.056016 12.910100
7.227500 0.052730 0.049749 0.028472 46.666201 0.368172 13.633739 27.094819
7.375000 0.070703 -0.026223 0.001436 110.349288 0.371820 22.555989 16.273508
7.522500 0.065760 -0.009999 0.001183 98.645766 0.381038 16.387747 11.629811
7.670000 0.019514 0.054534 0.020099 19.688825 0.382885 9.034341 20.018160
7.817500 0.062928 -0.031538 0.000594 116.618927 0.392938 11.461236 6.214474
7.965000 -0.038362 -0.018529 0.000225 244.219271 0.398781 2.316751 1.506780
8.112500 -0.018772 0.043606 0.002165 336.708547 0.397156 -4.034055 -0.253735
8.260000 0.040658 -0.050496 0.017020 141.160154 0.383875 0.877973 -19.333282
8.407500 0.040502 -0.054914 0.014912 143.589249 0.383954 -1.650325 -15.262355
8.555000 0.010278 -0.053081 0.011447 169.041507 0.382110 3.786972 -12.642193