[HEADER]
  GEAR_NOMINAL_VEL = 1.000000
  SAMPLING_MODE = CARTESIAN
  CRC = 4230818067
[RECORDS]
+0.000000 -1518.572600 -2138.653400 +1244.170800 -69.997600 +0.000000 +90.000000 +22 +50
+0.147500 -1509.285200 -2138.786800 +1247.564900 -69.292300 +11.170900 +90.000000 +22 +50
+0.294900 -1456.915700 -2140.531100 +1265.977000 -68.584600 +12.102500 +90.000000 +22 +50
+0.442400 -1345.766000 -2144.288900 +1304.858600 -67.876300 +10.175200 +90.000000 +22 +50
+0.589800 -1182.051100 -2149.441400 +1361.488300 -67.167000 +5.399700 +90.000000 +22 +50
+0.737300 -985.510500 -2154.756000 +1427.244800 -66.455600 -0.942700 +90.000000 +22 +50
+0.884700 -780.962800 -2158.820100 +1489.786100 -65.740700 -6.743700 +90.000000 +22 +50
+1.032200 -589.513600 -2160.517200 +1535.414100 -65.021100 -10.522700 +90.000000 +22 +50
+1.179700 -421.776700 -2159.129600 +1554.279400 -64.295100 -12.498800 +90.000000 +22 +50
+1.327100 -284.540100 -2154.317900 +1549.144800 -63.559900 -12.857600 +90.000000 +22 +50
+1.474600 -179.687700 -2148.280300 +1521.183200 -62.808300 -11.899200 +90.000000 +22 +50
+1.622000 -103.825300 -2145.214900 +1468.506700 -62.023900 -10.087700 +90.000000 +22 +50
+1.769500 -50.641300 -2149.955300 +1390.537900 -61.179500 -7.988700 +90.000000 +22 +50
+1.916900 -13.343800 -2166.732800 +1292.550400 -60.241700 -6.385400 +90.000000 +22 +50
+2.064400 +12.810500 -2198.286000 +1190.186600 -59.181900 -5.715400 +90.000000 +22 +50
+2.211900 +28.407100 -2245.594100 +1108.669400 -57.987100 -5.380100 +90.000000 +22 +50
+2.359300 +32.992700 -2308.009800 +1063.898900 -56.658200 -4.909000 +90.000000 +22 +50
+2.506800 +28.904600 -2382.328300 +1058.569600 -55.191500 -4.047800 +90.000000 +22 +50
+2.654200 +20.578400 -2463.438300 +1086.561900 -53.551900 -2.788300 +90.000000 +22 +50
+2.801700 +13.379900 -2545.455900 +1136.578000 -51.660900 -1.368400 +90.000000 +22 +50
+2.949200 +12.494800 -2622.762900 +1195.558300 -49.416500 -0.082400 +90.000000 +22 +50
+3.096600 +21.893100 -2690.913900 +1251.958500 -46.739900 +0.843900 +90.000000 +22 +50
+3.244100 +44.174000 -2748.104000 +1296.667300 -43.621400 +1.257000 +90.000000 +22 +50
+3.391500 +80.591000 -2792.644600 +1323.052600 -40.128500 +1.045600 +90.000000 +22 +50
+3.539000 +130.216200 -2819.827300 +1329.740000 -36.373700 +0.358900 +90.000000 +22 +50
+3.686400 +190.720000 -2823.914400 +1319.633700 -32.466900 -0.460900 +90.000000 +22 +50
+3.833900 +259.295400 -2800.441400 +1298.575100 -28.485800 -1.085500 +90.000000 +22 +50
+3.981400 +333.565500 -2748.454700 +1274.048900 -24.472200 -1.338200 +90.000000 +22 +50
+4.128800 +412.465300 -2672.818700 +1253.953100 -20.444000 -1.355900 +90.000000 +22 +50
+4.276300 +496.472500 -2585.306700 +1243.040300 -16.408600 -1.355100 +90.000000 +22 +50
+4.423700 +584.583100 -2495.771000 +1231.789100 -12.373500 -1.271200 +90.000000 +22 +50
+4.571200 +676.873700 -2411.853800 +1215.420600 -8.355200 -0.823300 +90.000000 +22 +50
+4.718600 +775.047100 -2340.811100 +1199.082500 -4.389800 -0.399500 +90.000000 +22 +50
+4.866100 +880.726000 -2288.197500 +1192.128100 -0.544000 -0.723900 +90.000000 +22 +50
+5.013600 +993.777300 -2256.520400 +1202.270300 +3.085700 -1.950300 +90.000000 +22 +50
+5.161000 +1110.723100 -2243.917300 +1229.727800 +6.395100 -3.926900 +90.000000 +22 +50
+5.308500 +1223.345400 -2243.068000 +1261.755200 +9.314000 -5.924700 +90.000000 +22 +50
+5.455900 +1321.413500 -2245.837300 +1280.873400 +11.840400 -6.549200 +90.000000 +22 +50
+5.603400 +1399.607300 -2245.839900 +1282.695100 +14.040300 -5.369800 +90.000000 +22 +50
+5.750800 +1456.707800 -2233.436100 +1269.720100 +16.012400 -2.833400 +90.000000 +22 +50
+5.898300 +1494.454700 -2197.704600 +1248.442300 +17.842100 +0.204000 +90.000000 +22 +50
+6.045800 +1516.547500 -2128.826100 +1227.230000 +19.571300 +2.768800 +90.000000 +22 +50
+6.193200 +1527.686000 -2020.517300 +1214.299800 +21.193800 +4.044700 +90.000000 +22 +50
+6.340700 +1532.712500 -1872.797700 +1215.754000 +22.672000 +3.328300 +90.000000 +22 +50
+6.488100 +1535.785200 -1694.963500 +1233.566800 +23.964100 +0.550700 +90.000000 +22 +50
+6.635600 +1539.683700 -1507.599000 +1264.669400 +25.051500 -3.515700 +90.000000 +22 +50
+6.783100 +1546.219100 -1334.843300 +1305.510600 +25.947500 -7.782900 +90.000000 +22 +50
+6.930500 +1555.733400 -1195.980700 +1348.796500 +26.680500 -11.620200 +90.000000 +22 +50
+7.078000 +1567.239100 -1105.025200 +1383.472300 +27.253200 -14.752700 +90.000000 +22 +50
+7.225400 +1579.027100 -1070.802900 +1397.717300 +27.596400 -16.572900 +90.000000 +22 +50
+7.372900 +1589.134300 -1096.950000 +1382.161800 +27.541400 -16.621400 +90.000000 +22 +50
+7.520300 +1595.716900 -1181.976000 +1332.977900 +26.841600 -14.805600 +90.000000 +22 +50
+7.667800 +1597.533500 -1319.564000 +1254.667100 +25.256300 -11.152800 +90.000000 +22 +50
+7.815300 +1594.529200 -1499.729700 +1161.617900 +22.662600 -6.502900 +90.000000 +22 +50
+7.962700 +1587.719500 -1711.960200 +1067.534900 +19.121000 -2.142500 +90.000000 +22 +50
+8.110200 +1578.929500 -1933.329300 +981.993700 +14.845000 +0.870100 +90.000000 +22 +50
+8.257600 +1570.389000 -2131.134500 +913.359000 +10.100000 +1.338900 +90.000000 +22 +50
+8.405100 +1564.125000 -2275.531800 +866.971400 +5.108600 -1.374200 +90.000000 +22 +50
+8.552500 +1561.339500 -2351.524900 +843.358200 +0.011800 -5.643900 +90.000000 +22 +50
+8.700000 +1561.634000 -2370.323600 +836.462500 -5.117100 -10.000000 +90.000000 +22 +50
[END]


true
stable state found
Calculation time[s] 996.270487
LimitWaterLVL[m] 0.400000
WaterLVL at time zero[m] -0.061623
Timestep[s] | HighestPointXYZ[m] | AngleToY[°] | Distance[m] | AngleX[°] | AngleY[°]
0.000000 0.002589 -0.063194 0.000000 177.653506 0.400000 -0.058638 -0.008053
0.147500 0.043827 -0.011377 -0.006055 104.552266 0.389899 -14.147577 0.241047
0.295000 -0.039076 0.041469 0.022046 316.702185 0.377530 -45.896733 1.168795
0.442500 0.046954 -0.019113 0.012937 112.149696 0.372812 -14.205517 0.281208
0.590000 0.007685 0.003767 0.001831 63.885648 0.395662 -13.297537 -0.253273
0.737500 -0.039585 -0.049580 0.014266 218.604210 0.384982 -13.573797 0.121687
0.885000 0.045360 -0.049833 0.020344 137.690335 0.381907 23.604317 -0.859659
1.032500 -0.021322 -0.057954 0.002213 200.199231 0.386300 19.398829 -1.456002
1.180000 -0.036776 -0.002653 0.013161 265.873397 0.369695 8.712570 -0.691002
1.327500 0.058167 -0.040027 0.018775 124.533590 0.383530 35.740780 -0.318297
1.475000 0.002445 -0.008350 0.001674 163.678841 0.390052 23.898496 -0.491038
1.622500 -0.035857 0.010589 0.007336 286.452132 0.380631 3.799343 3.029742
1.770000 0.060369 0.010831 0.022470 79.828259 0.382388 22.902164 4.007051
1.917500 -0.018349 0.041504 0.000856 336.149939 0.395438 11.548932 3.276877
2.065000 -0.045383 0.017484 0.009553 291.069179 0.384394 -4.136389 4.707270
2.212500 0.060930 0.008774 0.016471 81.805663 0.387599 20.676022 4.191261
2.360000 -0.040185 -0.013046 0.003348 252.014056 0.391594 0.675296 1.772487
2.507500 -0.045727 0.021087 0.004179 294.756783 0.392094 1.530360 3.681557
2.655000 0.053309 0.021783 0.013664 67.774207 0.388666 14.421371 -0.795734
2.802500 -0.036582 -0.037069 0.014142 224.621151 0.384641 -13.408263 -2.801242
2.950000 -0.052117 0.004746 0.000240 275.203251 0.399692 -0.397185 0.321524
3.097500 0.059844 -0.027858 0.006856 114.962464 0.392454 5.246549 -5.174619
3.245000 -0.051487 0.007174 0.020102 277.932302 0.380749 -19.246120 -5.785015
3.392500 -0.024624 0.037363 0.000111 326.613212 0.399873 -3.730456 -0.463213
3.540000 0.059101 -0.024155 0.010626 112.230185 0.389142 6.792960 -9.359060
3.687500 -0.013223 -0.058535 0.018267 192.729403 0.381349 -13.932803 -11.673017
3.835000 -0.037268 -0.026266 0.002400 234.824318 0.396670 1.171649 -2.685100
3.982500 0.009232 -0.062928 0.015132 171.653827 0.383866 9.674312 -10.278930
4.130000 -0.047898 -0.012435 0.017475 255.446492 0.381459 -11.342804 -6.273658
4.277500 0.041515 0.041930 0.008267 44.715051 0.393004 3.202281 6.280475
4.425000 0.023904 -0.061711 0.007561 158.825926 0.391471 7.495303 -3.596512
4.572500 -0.047926 -0.020798 0.017263 246.541052 0.382108 -10.966010 1.849962
4.720000 0.004610 0.055894 0.014676 4.714943 0.385683 1.126572 12.756918
4.867500 0.046341 -0.038812 0.003668 129.947200 0.396047 3.138671 -2.504017
5.015000 -0.045450 0.000394 0.009487 270.496677 0.389850 -8.948408 7.493402
5.162500 0.066984 0.023231 0.011841 70.872882 0.389873 9.299577 8.724365
5.310000 0.046032 -0.052771 0.015538 138.901897 0.377938 14.128984 -8.824623
5.457500 -0.021756 -0.043434 0.000526 206.606194 0.391611 6.327790 3.444512
5.605000 0.044980 -0.050333 0.003670 138.214487 0.390343 15.732955 2.364646
5.752500 0.049110 -0.042801 0.021030 131.073235 0.376565 12.289895 -16.643233
5.900000 -0.019177 -0.044993 0.006923 203.084763 0.393237 -1.599384 -4.344839
6.047500 0.044700 -0.031742 0.008522 125.379183 0.392538 2.817695 -6.529249
6.195000 0.015491 -0.044336 0.017261 160.740423 0.384935 -0.300162 -20.409578
6.342500 -0.035465 0.044998 0.005581 321.756725 0.391048 -8.405343 -0.585842
6.490000 0.051412 -0.038486 0.007090 126.817795 0.393295 2.322103 -5.323022
6.637500 0.002014 -0.038899 0.003684 177.036151 0.393183 3.669326 -1.954284
6.785000 0.020928 0.058545 0.021504 19.670375 0.382601 2.586224 18.891861
6.932500 0.064424 -0.011552 0.003557 100.165790 0.384498 15.192758 8.241947
7.080000 0.026488 -0.011088 0.003864 112.714412 0.379424 14.364738 12.651679
7.227500 0.055880 0.046209 0.029715 50.411541 0.365861 13.592282 28.904341
7.375000 0.068533 -0.030873 0.004210 114.250789 0.367925 22.344950 14.702212
7.522500 0.045050 -0.007404 0.003643 99.333166 0.379948 16.543774 10.827348
7.670000 0.013654 0.052055 0.023033 14.697556 0.379632 9.236634 22.143273
7.817500 0.047098 -0.047876 -0.000739 135.469340 0.392497 11.020484 4.944889
7.965000 -0.043522 -0.020299 0.000674 244.995288 0.398263 2.099844 1.150753
8.112500 -0.015542 0.049856 0.002674 342.685769 0.396548 -4.019533 2.904559
8.260000 0.040898 -0.049424 0.020041 140.392719 0.380829 0.309312 -21.895214
8.407500 0.040502 -0.054914 0.014912 143.589249 0.383954 -1.244545 -14.423678
8.555000 0.005578 -0.050265 0.010971 173.667690 0.382685 3.874263 -11.365545