[HEADER]
  GEAR_NOMINAL_VEL = 1.000000
  SAMPLING_MODE = CARTESIAN
  CRC = 4230818067
[RECORDS]
+0.000000 -1518.572600 -2138.653400 +1244.170800 -69.997600 +0.000000 +90.000000 +22 +50
+0.147500 -1509.285200 -2138.786800 +1247.564900 -69.292300 +11.170900 +90.000000 +22 +50
+0.294900 -1456.915700 -2140.531100 +1265.977000 -68.584600 +12.102500 +90.000000 +22 +50
+0.442400 -1345.766000 -2144.288900 +1304.858600 -67.876300 +10.175200 +90.000000 +22 +50
+0.589800 -1182.051100 -2149.441400 +1361.488300 -67.167000 +5.399700 +90.000000 +22 +50
+0.737300 -985.510500 -2154.756000 +1427.244800 -66.455600 -0.942700 +90.000000 +22 +50
+0.884700 -780.962800 -2158.820100 +1489.786100 -65.740700 -6.743700 +90.000000 +22 +50
+1.032200 -589.513600 -2160.517200 +1535.414100 -65.021100 -10.522700 +90.000000 +22 +50
+1.179700 -421.776700 -2159.129600 +1554.279400 -64.295100 -12.498800 +90.000000 +22 +50
+1.327100 -284.540100 -2154.317900 +1549.144800 -63.559900 -12.857600 +90.000000 +22 +50
+1.474600 -179.687700 -2148.280300 +1521.183200 -62.808300 -11.899200 +90.000000 +22 +50
+1.622000 -103.825300 -2145.214900 +1468.506700 -62.023900 -10.087700 +90.000000 +22 +50
+1.769500 -50.641300 -2149.955300 +1390.537900 -61.179500 -7.988700 +90.000000 +22 +50
+1.916900 -13.343800 -2166.732800 +1292.550400 -60.241700 -6.385400 +90.000000 +22 +50
+2.064400 +12.810500 -2198.286000 +1190.186600 -59.181900 -5.715400 +90.000000 +22 +50
+2.211900 +28.407100 -2245.594100 +1108.669400 -57.987100 -5.380100 +90.000000 +22 +50
+2.359300 +32.992700 -2308.009800 +1063.898900 -56.658200 -4.909000 +90.000000 +22 +50
+2.506800 +28.904600 -2382.328300 +1058.569600 -55.191500 -4.047800 +90.000000 +22 +50
+2.654200 +20.578400 -2463.438300 +1086.561900 -53.551900 -2.788300 +90.000000 +22 +50
+2.801700 +13.379900 -2545.455900 +1136.578000 -51.660900 -1.368400 +90.000000 +22 +50
+2.949200 +12.494800 -2622.762900 +1195.558300 -49.416500 -0.082400 +90.000000 +22 +50
+3.096600 +21.893100 -2690.913900 +1251.958500 -46.739900 +0.843900 +90.000000 +22 +50
+3.244100 +44.174000 -2748.104000 +1296.667300 -43.621400 +1.257000 +90.000000 +22 +50
+3.391500 +80.591000 -2792.644600 +1323.052600 -40.128500 +1.045600 +90.000000 +22 +50
+3.539000 +130.216200 -2819.827300 +1329.740000 -36.373700 +0.358900 +90.000000 +22 +50
+3.686400 +190.720000 -2823.914400 +1319.633700 -32.466900 -0.460900 +90.000000 +22 +50
+3.833900 +259.295400 -2800.441400 +1298.575100 -28.485800 -1.085500 +90.000000 +22 +50
+3.981400 +333.565500 -2748.454700 +1274.048900 -24.472200 -1.338200 +90.000000 +22 +50
+4.128800 +412.465300 -2672.818700 +1253.953100 -20.444000 -1.355900 +90.000000 +22 +50
+4.276300 +496.472500 -2585.306700 +1243.040300 -16.408600 -1.355100 +90.000000 +22 +50
+4.423700 +584.583100 -2495.771000 +1231.789100 -12.373500 -1.271200 +90.000000 +22 +50
+4.571200 +676.873700 -2411.853800 +1215.420600 -8.355200 -0.823300 +90.000000 +22 +50
+4.718600 +775.047100 -2340.811100 +1199.082500 -4.389800 -0.399500 +90.000000 +22 +50
+4.866100 +880.726000 -2288.197500 +1192.128100 -0.544000 -0.723900 +90.000000 +22 +50
+5.013600 +993.777300 -2256.520400 +1202.270300 +3.085700 -1.950300 +90.000000 +22 +50
+5.161000 +1110.723100 -2243.917300 +1229.727800 +6.395100 -3.926900 +90.000000 +22 +50
+5.308500 +1223.345400 -2243.068000 +1261.755200 +9.314000 -5.924700 +90.000000 +22 +50
+5.455900 +1321.413500 -2245.837300 +1280.873400 +11.840400 -6.549200 +90.000000 +22 +50
+5.603400 +1399.607300 -2245.839900 +1282.695100 +14.040300 -5.369800 +90.000000 +22 +50
+5.750800 +1456.707800 -2233.436100 +1269.720100 +16.012400 -2.833400 +90.000000 +22 +50
+5.898300 +1494.454700 -2197.704600 +1248.442300 +17.842100 +0.204000 +90.000000 +22 +50
+6.045800 +1516.547500 -2128.826100 +1227.230000 +19.571300 +2.768800 +90.000000 +22 +50
+6.193200 +1527.686000 -2020.517300 +1214.299800 +21.193800 +4.044700 +90.000000 +22 +50
+6.340700 +1532.712500 -1872.797700 +1215.754000 +22.672000 +3.328300 +90.000000 +22 +50
+6.488100 +1535.785200 -1694.963500 +1233.566800 +23.964100 +0.550700 +90.000000 +22 +50
+6.635600 +1539.683700 -1507.599000 +1264.669400 +25.051500 -3.515700 +90.000000 +22 +50
+6.783100 +1546.219100 -1334.843300 +1305.510600 +25.947500 -7.782900 +90.000000 +22 +50
+6.930500 +1555.733400 -1195.980700 +1348.796500 +26.680500 -11.620200 +90.000000 +22 +50
+7.078000 +1567.239100 -1105.025200 +1383.472300 +27.253200 -14.752700 +90.000000 +22 +50
+7.225400 +1579.027100 -1070.802900 +1397.717300 +27.596400 -16.572900 +90.000000 +22 +50
+7.372900 +1589.134300 -1096.950000 +1382.161800 +27.541400 -16.621400 +90.000000 +22 +50
+7.520300 +1595.716900 -1181.976000 +1332.977900 +26.841600 -14.805600 +90.000000 +22 +50
+7.667800 +1597.533500 -1319.564000 +1254.667100 +25.256300 -11.152800 +90.000000 +22 +50
+7.815300 +1594.529200 -1499.729700 +1161.617900 +22.662600 -6.502900 +90.000000 +22 +50
+7.962700 +1587.719500 -1711.960200 +1067.534900 +19.121000 -2.142500 +90.000000 +22 +50
+8.110200 +1578.929500 -1933.329300 +981.993700 +14.845000 +0.870100 +90.000000 +22 +50
+8.257600 +1570.389000 -2131.134500 +913.359000 +10.100000 +1.338900 +90.000000 +22 +50
+8.405100 +1564.125000 -2275.531800 +866.971400 +5.108600 -1.374200 +90.000000 +22 +50
+8.552500 +1561.339500 -2351.524900 +843.358200 +0.011800 -5.643900 +90.000000 +22 +50
+8.700000 +1561.634000 -2370.323600 +836.462500 -5.117100 -10.000000 +90.000000 +22 +50
[END]


true
stable state found
Calculation time[s] 700.688183
LimitWaterLVL[m] 0.400000
WaterLVL at time zero[m] -0.061623
Timestep[s] | HighestPointXYZ[m] | AngleToY[°] | Distance[m] | AngleX[°] | AngleY[°]
0.000000 0.002589 -0.063194 0.000000 177.653506 0.400000 -0.058638 -0.008053
0.147500 0.041993 0.007403 -0.006102 80.002176 0.390255 -15.158122 0.034860
0.295000 -0.048459 0.019466 0.039761 291.885715 0.362288 -51.918993 -0.775871
0.442500 -0.046921 0.011605 0.049562 283.892022 0.353134 -65.160376 -0.166743
0.590000 -0.049000 0.019482 0.034695 291.682435 0.368199 -41.728119 2.564275
0.737500 -0.044869 -0.025817 0.021680 240.084475 0.377506 -10.709264 1.138835
0.885000 -0.039241 -0.026366 0.009816 236.102975 0.382660 15.265379 -0.576798
1.032500 0.055996 -0.022659 0.028401 112.031174 0.375179 38.706882 -2.681022
1.180000 0.053524 -0.026048 0.041527 115.949910 0.360944 54.791639 -4.770942
1.327500 0.053417 -0.029232 0.037624 118.689144 0.364373 55.376500 -5.010765
1.475000 0.055755 -0.030074 0.037388 118.342306 0.365450 56.550493 -3.520387
1.622500 0.052603 -0.007305 0.042562 97.905803 0.360860 57.885435 1.451743
1.770000 0.055349 -0.011186 0.037505 101.425049 0.366341 53.772020 12.965649
1.917500 0.045851 0.025665 0.034911 60.762267 0.368333 43.654178 25.827822
2.065000 0.023177 0.045917 0.031414 26.782502 0.369879 21.079015 25.275092
2.212500 0.030620 0.044540 0.020934 34.507371 0.381074 3.342195 10.624141
2.360000 0.030025 0.045524 0.013179 33.406537 0.388801 7.528122 2.041654
2.507500 0.058233 -0.029222 0.011075 116.648033 0.391402 13.953703 4.162551
2.655000 0.050239 0.020544 0.013483 67.759103 0.388687 11.632109 7.221910
2.802500 0.046508 0.030916 0.004906 56.386192 0.396268 0.996259 4.153744
2.950000 -0.018827 -0.058190 0.011259 197.928654 0.388686 -11.849073 -5.936326
3.097500 -0.024516 -0.053839 0.023520 204.482510 0.377084 -22.227274 -17.258913
3.245000 -0.019217 -0.049584 0.030887 201.184564 0.369885 -28.136407 -25.830576
3.392500 -0.025414 -0.044036 0.038491 209.990049 0.362251 -35.082705 -35.732713
3.540000 -0.028789 -0.035814 0.049523 218.793980 0.350744 -40.535548 -46.737504
3.687500 -0.015893 -0.040940 0.056337 201.216324 0.343350 -36.060542 -51.762912
3.835000 -0.007178 -0.047691 0.045152 188.559374 0.354083 -13.235156 -38.639711
3.982500 -0.008578 -0.052016 0.036852 189.364410 0.362042 1.077163 -21.786039
4.130000 -0.021318 -0.041307 0.029282 207.297664 0.369544 2.207140 -14.482955
4.277500 0.004615 -0.059360 0.021899 175.554427 0.376930 -2.523522 -9.400383
4.425000 0.014084 -0.061303 0.018191 167.061164 0.380734 -8.114078 -3.730096
4.572500 0.012384 -0.058639 0.010955 168.074907 0.388348 -11.884184 6.146976
4.720000 -0.004250 0.050954 0.022506 355.232078 0.377796 -12.147857 17.827147
4.867500 0.009211 0.051889 0.022857 10.065959 0.377768 -8.254452 23.412496
5.015000 0.002610 0.052646 0.019049 2.838217 0.382471 -2.500817 19.965486
5.162500 0.014984 0.054354 0.015928 15.412135 0.387030 3.385228 14.655652
5.310000 0.041212 -0.053636 0.007493 142.462602 0.385759 12.566176 12.587684
5.457500 0.066864 -0.011199 0.018382 99.508172 0.378946 27.017598 10.007233
5.605000 0.050410 -0.038811 0.023149 127.592917 0.372075 33.190604 0.102206
5.752500 0.052110 -0.033016 0.025224 122.357644 0.372869 27.449793 -14.374226
5.900000 0.043883 -0.037194 0.026210 130.283675 0.373914 16.539250 -26.107915
6.047500 0.011400 -0.042680 0.029176 165.045123 0.372449 7.989800 -34.994327
6.195000 0.011821 -0.041760 0.028978 164.194814 0.373060 1.488646 -35.271684
6.342500 0.027105 -0.043135 0.028537 147.855730 0.373411 0.607435 -33.509379
6.490000 -0.006948 -0.044921 0.022705 188.792354 0.377703 0.926730 -24.930552
6.637500 0.044614 -0.041219 0.017900 132.734929 0.378622 3.100243 -5.538015
6.785000 0.043418 -0.041491 0.016956 133.699902 0.373318 7.504678 18.785870
6.932500 0.020064 0.045635 0.041884 23.733294 0.359436 14.181822 35.528957
7.080000 0.018798 0.045182 0.050211 22.589784 0.349067 21.142065 47.381451
7.227500 0.013730 0.045059 0.056263 16.946587 0.341680 24.079129 53.191852
7.375000 0.011583 0.044137 0.063191 14.704706 0.334817 24.964662 59.508135
7.522500 0.002720 0.053153 0.071434 2.929443 0.331060 26.772540 62.093621
7.670000 -0.007286 0.068126 0.080606 353.895484 0.326613 19.454684 59.323704
7.817500 -0.002492 0.067642 0.081374 357.890119 0.324242 9.704126 51.027436
7.965000 0.002868 0.073060 0.078328 2.248015 0.324180 0.546723 35.397817
8.112500 -0.000682 0.063804 0.070847 359.387590 0.328151 -4.630895 12.030565
8.260000 0.008998 0.060884 0.066177 8.406805 0.332295 -4.046685 -18.731447
8.407500 0.020652 0.048973 0.059710 22.865112 0.341455 3.567206 -32.743538
8.555000 0.024348 0.047466 0.059051 27.155857 0.344502 9.437963 -32.147948