[HEADER]
  GEAR_NOMINAL_VEL = 1.000000
  SAMPLING_MODE = CARTESIAN
  CRC = 4230818067
[RECORDS]
+0.000000 -1518.572600 -2138.653400 +1244.170800 -69.997600 +0.000000 +90.000000 +22 +50
+0.147500 -1509.285200 -2138.786800 +1247.564900 -69.292300 +11.170900 +90.000000 +22 +50
+0.294900 -1456.915700 -2140.531100 +1265.977000 -68.584600 +12.102500 +90.000000 +22 +50
+0.442400 -1345.766000 -2144.288900 +1304.858600 -67.876300 +10.175200 +90.000000 +22 +50
+0.589800 -1182.051100 -2149.441400 +1361.488300 -67.167000 +5.399700 +90.000000 +22 +50
+0.737300 -985.510500 -2154.756000 +1427.244800 -66.455600 -0.942700 +90.000000 +22 +50
+0.884700 -780.962800 -2158.820100 +1489.786100 -65.740700 -6.743700 +90.000000 +22 +50
+1.032200 -589.513600 -2160.517200 +1535.414100 -65.021100 -10.522700 +90.000000 +22 +50
+1.179700 -421.776700 -2159.129600 +1554.279400 -64.295100 -12.498800 +90.000000 +22 +50
+1.327100 -284.540100 -2154.317900 +1549.144800 -63.559900 -12.857600 +90.000000 +22 +50
+1.474600 -179.687700 -2148.280300 +1521.183200 -62.808300 -11.899200 +90.000000 +22 +50
+1.622000 -103.825300 -2145.214900 +1468.506700 -62.023900 -10.087700 +90.000000 +22 +50
+1.769500 -50.641300 -2149.955300 +1390.537900 -61.179500 -7.988700 +90.000000 +22 +50
+1.916900 -13.343800 -2166.732800 +1292.550400 -60.241700 -6.385400 +90.000000 +22 +50
+2.064400 +12.810500 -2198.286000 +1190.186600 -59.181900 -5.715400 +90.000000 +22 +50
+2.211900 +28.407100 -2245.594100 +1108.669400 -57.987100 -5.380100 +90.000000 +22 +50
+2.359300 +32.992700 -2308.009800 +1063.898900 -56.658200 -4.909000 +90.000000 +22 +50
+2.506800 +28.904600 -2382.328300 +1058.569600 -55.191500 -4.047800 +90.000000 +22 +50
+2.654200 +20.578400 -2463.438300 +1086.561900 -53.551900 -2.788300 +90.000000 +22 +50
+2.801700 +13.379900 -2545.455900 +1136.578000 -51.660900 -1.368400 +90.000000 +22 +50
+2.949200 +12.494800 -2622.762900 +1195.558300 -49.416500 -0.082400 +90.000000 +22 +50
+3.096600 +21.893100 -2690.913900 +1251.958500 -46.739900 +0.843900 +90.000000 +22 +50
+3.244100 +44.174000 -2748.104000 +1296.667300 -43.621400 +1.257000 +90.000000 +22 +50
+3.391500 +80.591000 -2792.644600 +1323.052600 -40.128500 +1.045600 +90.000000 +22 +50
+3.539000 +130.216200 -2819.827300 +1329.740000 -36.373700 +0.358900 +90.000000 +22 +50
+3.686400 +190.720000 -2823.914400 +1319.633700 -32.466900 -0.460900 +90.000000 +22 +50
+3.833900 +259.295400 -2800.441400 +1298.575100 -28.485800 -1.085500 +90.000000 +22 +50
+3.981400 +333.565500 -2748.454700 +1274.048900 -24.472200 -1.338200 +90.000000 +22 +50
+4.128800 +412.465300 -2672.818700 +1253.953100 -20.444000 -1.355900 +90.000000 +22 +50
+4.276300 +496.472500 -2585.306700 +1243.040300 -16.408600 -1.355100 +90.000000 +22 +50
+4.423700 +584.583100 -2495.771000 +1231.789100 -12.373500 -1.271200 +90.000000 +22 +50
+4.571200 +676.873700 -2411.853800 +1215.420600 -8.355200 -0.823300 +90.000000 +22 +50
+4.718600 +775.047100 -2340.811100 +1199.082500 -4.389800 -0.399500 +90.000000 +22 +50
+4.866100 +880.726000 -2288.197500 +1192.128100 -0.544000 -0.723900 +90.000000 +22 +50
+5.013600 +993.777300 -2256.520400 +1202.270300 +3.085700 -1.950300 +90.000000 +22 +50
+5.161000 +1110.723100 -2243.917300 +1229.727800 +6.395100 -3.926900 +90.000000 +22 +50
+5.308500 +1223.345400 -2243.068000 +1261.755200 +9.314000 -5.924700 +90.000000 +22 +50
+5.455900 +1321.413500 -2245.837300 +1280.873400 +11.840400 -6.549200 +90.000000 +22 +50
+5.603400 +1399.607300 -2245.839900 +1282.695100 +14.040300 -5.369800 +90.000000 +22 +50
+5.750800 +1456.707800 -2233.436100 +1269.720100 +16.012400 -2.833400 +90.000000 +22 +50
+5.898300 +1494.454700 -2197.704600 +1248.442300 +17.842100 +0.204000 +90.000000 +22 +50
+6.045800 +1516.547500 -2128.826100 +1227.230000 +19.571300 +2.768800 +90.000000 +22 +50
+6.193200 +1527.686000 -2020.517300 +1214.299800 +21.193800 +4.044700 +90.000000 +22 +50
+6.340700 +1532.712500 -1872.797700 +1215.754000 +22.672000 +3.328300 +90.000000 +22 +50
+6.488100 +1535.785200 -1694.963500 +1233.566800 +23.964100 +0.550700 +90.000000 +22 +50
+6.635600 +1539.683700 -1507.599000 +1264.669400 +25.051500 -3.515700 +90.000000 +22 +50
+6.783100 +1546.219100 -1334.843300 +1305.510600 +25.947500 -7.782900 +90.000000 +22 +50
+6.930500 +1555.733400 -1195.980700 +1348.796500 +26.680500 -11.620200 +90.000000 +22 +50
+7.078000 +1567.239100 -1105.025200 +1383.472300 +27.253200 -14.752700 +90.000000 +22 +50
+7.225400 +1579.027100 -1070.802900 +1397.717300 +27.596400 -16.572900 +90.000000 +22 +50
+7.372900 +1589.134300 -1096.950000 +1382.161800 +27.541400 -16.621400 +90.000000 +22 +50
+7.520300 +1595.716900 -1181.976000 +1332.977900 +26.841600 -14.805600 +90.000000 +22 +50
+7.667800 +1597.533500 -1319.564000 +1254.667100 +25.256300 -11.152800 +90.000000 +22 +50
+7.815300 +1594.529200 -1499.729700 +1161.617900 +22.662600 -6.502900 +90.000000 +22 +50
+7.962700 +1587.719500 -1711.960200 +1067.534900 +19.121000 -2.142500 +90.000000 +22 +50
+8.110200 +1578.929500 -1933.329300 +981.993700 +14.845000 +0.870100 +90.000000 +22 +50
+8.257600 +1570.389000 -2131.134500 +913.359000 +10.100000 +1.338900 +90.000000 +22 +50
+8.405100 +1564.125000 -2275.531800 +866.971400 +5.108600 -1.374200 +90.000000 +22 +50
+8.552500 +1561.339500 -2351.524900 +843.358200 +0.011800 -5.643900 +90.000000 +22 +50
+8.700000 +1561.634000 -2370.323600 +836.462500 -5.117100 -10.000000 +90.000000 +22 +50
[END]


true
stable state found
Calculation time[s] 643.652928
LimitWaterLVL[m] 0.400000
WaterLVL at time zero[m] -0.061623
Timestep[s] | HighestPointXYZ[m] | AngleToY[°] | Distance[m] | AngleX[°] | AngleY[°]
0.000000 0.002589 -0.063194 0.000000 177.653506 0.400000 -0.058638 -0.008053
0.147500 0.043827 -0.011377 -0.006055 104.552266 0.389899 -13.784409 0.110584
0.295000 -0.050724 0.015686 0.032372 287.184266 0.370008 -49.219635 0.099931
0.442500 -0.054740 0.021292 0.027687 291.254708 0.375982 -37.833937 1.559894
0.590000 0.040481 0.029571 0.006987 53.852490 0.387326 -7.681142 -0.022175
0.737500 -0.026534 -0.008186 0.002647 252.853505 0.396855 -3.272664 -0.344869
0.885000 -0.033505 -0.052054 0.002945 212.767753 0.389931 3.379688 -1.211468
1.032500 0.058877 -0.037675 0.013079 122.614838 0.390529 26.448893 -0.703191
1.180000 0.056544 -0.040629 0.022212 125.698807 0.380138 40.582810 -1.458424
1.327500 0.066357 -0.029380 0.024683 113.881756 0.379847 40.243819 -2.846595
1.475000 0.058295 -0.046475 0.014350 128.563310 0.388090 28.747896 -0.557947
1.622500 -0.026377 0.035248 -0.002262 323.191765 0.392325 20.317216 3.847359
1.770000 0.044169 0.039581 0.012822 48.135720 0.390330 21.854424 9.822661
1.917500 0.037241 0.031769 0.018138 49.533322 0.384174 21.645767 13.459864
2.065000 0.040447 0.040842 0.014397 44.721871 0.388406 12.059590 11.646320
2.212500 -0.043210 0.023630 0.002921 298.672566 0.391828 4.645775 5.422215
2.360000 -0.002245 0.037462 0.002565 356.570515 0.396530 10.380238 1.799854
2.507500 0.053113 -0.005734 0.006730 96.161702 0.395811 10.807997 4.410166
2.655000 -0.041901 -0.003860 0.001363 264.736659 0.396157 2.335655 3.510077
2.802500 -0.021292 -0.062355 0.003332 198.853199 0.395604 -4.196918 -2.030702
2.950000 -0.024217 -0.061757 0.007512 201.411818 0.392424 -6.125089 -6.903912
3.097500 -0.040366 -0.019460 0.007995 244.261801 0.392621 -8.258721 -9.508016
3.245000 -0.040147 -0.026385 0.012008 236.686692 0.388945 -13.360804 -10.700968
3.392500 -0.039594 -0.020524 0.015541 242.599521 0.385209 -19.064310 -13.161531
3.540000 -0.013759 -0.056843 0.018793 193.606885 0.381469 -18.658558 -18.564457
3.687500 -0.000673 -0.060735 0.018864 180.634864 0.380822 -7.558847 -21.328637
3.835000 0.004542 -0.063498 0.015005 175.908612 0.384193 3.646481 -13.720844
3.982500 0.005602 -0.065575 0.010813 175.117140 0.388079 1.297240 -7.210413
4.130000 0.010342 -0.064955 0.010966 170.953420 0.387915 -4.203910 -12.112849
4.277500 0.015045 -0.063974 0.007465 166.766020 0.391419 -3.078652 -7.183342
4.425000 0.017764 0.043602 0.007175 22.166596 0.393756 0.862440 6.235432
4.572500 0.034994 0.047027 0.007747 36.653884 0.393046 -0.778340 11.122521
4.720000 -0.011650 0.053112 0.007277 347.628230 0.393017 -4.302340 6.401226
4.867500 -0.002589 0.055656 0.007461 357.336622 0.393155 -4.485548 6.659370
5.015000 0.006990 0.049021 0.011213 8.115277 0.390227 -1.510789 12.987763
5.162500 0.010434 0.052016 0.011712 11.342635 0.391007 3.777648 12.562010
5.310000 0.036742 -0.047103 0.002956 142.044514 0.390849 12.263924 2.933025
5.457500 0.055984 -0.044515 0.013181 128.489540 0.380176 21.114150 -4.492518
5.605000 0.049650 -0.049092 0.011511 134.676220 0.382697 23.676630 -5.442548
5.752500 0.052070 -0.044419 0.013168 130.466274 0.384348 19.897556 -9.541927
5.900000 0.043343 -0.042985 0.018561 134.762397 0.381583 10.642740 -18.728372
6.047500 0.007450 -0.045742 0.014115 170.749500 0.387642 -1.445833 -19.642949
6.195000 0.003601 -0.042237 0.018094 175.126895 0.383939 -2.394298 -22.156911
6.342500 0.022635 -0.044188 0.017278 152.876517 0.384700 1.074698 -20.794086
6.490000 0.046252 -0.041179 0.010840 131.679256 0.389567 -0.989142 -6.691497
6.637500 0.056074 -0.037247 0.007693 123.593991 0.388991 -0.373911 6.596343
6.785000 0.029758 0.053988 0.015095 28.863403 0.388214 6.187098 15.153273
6.932500 0.037954 0.057607 0.022118 33.378632 0.380773 12.440092 21.177947
7.080000 0.027038 0.054262 0.028889 26.486438 0.371715 15.074933 28.255029
7.227500 0.028680 0.049689 0.037606 29.993118 0.360307 16.791061 37.355434
7.375000 0.048243 0.046327 0.035023 46.160661 0.361054 19.740128 35.590521
7.522500 0.057170 0.045253 0.026888 51.636571 0.370466 19.830406 23.800365
7.670000 0.042334 0.050216 0.024317 40.132164 0.377510 15.053055 22.903332
7.817500 0.037658 0.050064 0.020701 36.950382 0.382325 8.428117 21.419868
7.965000 0.029468 0.051747 0.013908 29.659910 0.387774 2.549603 12.281862
8.112500 -0.032042 -0.040264 0.006266 218.512695 0.394342 -1.877077 -7.010844
8.260000 0.004178 -0.047989 0.017479 175.024242 0.383505 -3.038325 -24.601789
8.407500 0.019952 -0.055550 0.022311 160.243137 0.376416 -0.243443 -27.413010
8.555000 0.031738 -0.055555 0.021697 150.261117 0.372402 4.948060 -23.665449