[HEADER]
  GEAR_NOMINAL_VEL = 1.000000
  SAMPLING_MODE = CARTESIAN
  CRC = 4230818067
[RECORDS]
+0.000000 -1518.572600 -2138.653400 +1244.170800 -69.997600 +0.000000 +90.000000 +22 +50
+0.147500 -1509.285200 -2138.786800 +1247.564900 -69.292300 +11.170900 +90.000000 +22 +50
+0.294900 -1456.915700 -2140.531100 +1265.977000 -68.584600 +12.102500 +90.000000 +22 +50
+0.442400 -1345.766000 -2144.288900 +1304.858600 -67.876300 +10.175200 +90.000000 +22 +50
+0.589800 -1182.051100 -2149.441400 +1361.488300 -67.167000 +5.399700 +90.000000 +22 +50
+0.737300 -985.510500 -2154.756000 +1427.244800 -66.455600 -0.942700 +90.000000 +22 +50
+0.884700 -780.962800 -2158.820100 +1489.786100 -65.740700 -6.743700 +90.000000 +22 +50
+1.032200 -589.513600 -2160.517200 +1535.414100 -65.021100 -10.522700 +90.000000 +22 +50
+1.179700 -421.776700 -2159.129600 +1554.279400 -64.295100 -12.498800 +90.000000 +22 +50
+1.327100 -284.540100 -2154.317900 +1549.144800 -63.559900 -12.857600 +90.000000 +22 +50
+1.474600 -179.687700 -2148.280300 +1521.183200 -62.808300 -11.899200 +90.000000 +22 +50
+1.622000 -103.825300 -2145.214900 +1468.506700 -62.023900 -10.087700 +90.000000 +22 +50
+1.769500 -50.641300 -2149.955300 +1390.537900 -61.179500 -7.988700 +90.000000 +22 +50
+1.916900 -13.343800 -2166.732800 +1292.550400 -60.241700 -6.385400 +90.000000 +22 +50
+2.064400 +12.810500 -2198.286000 +1190.186600 -59.181900 -5.715400 +90.000000 +22 +50
+2.211900 +28.407100 -2245.594100 +1108.669400 -57.987100 -5.380100 +90.000000 +22 +50
+2.359300 +32.992700 -2308.009800 +1063.898900 -56.658200 -4.909000 +90.000000 +22 +50
+2.506800 +28.904600 -2382.328300 +1058.569600 -55.191500 -4.047800 +90.000000 +22 +50
+2.654200 +20.578400 -2463.438300 +1086.561900 -53.551900 -2.788300 +90.000000 +22 +50
+2.801700 +13.379900 -2545.455900 +1136.578000 -51.660900 -1.368400 +90.000000 +22 +50
+2.949200 +12.494800 -2622.762900 +1195.558300 -49.416500 -0.082400 +90.000000 +22 +50
+3.096600 +21.893100 -2690.913900 +1251.958500 -46.739900 +0.843900 +90.000000 +22 +50
+3.244100 +44.174000 -2748.104000 +1296.667300 -43.621400 +1.257000 +90.000000 +22 +50
+3.391500 +80.591000 -2792.644600 +1323.052600 -40.128500 +1.045600 +90.000000 +22 +50
+3.539000 +130.216200 -2819.827300 +1329.740000 -36.373700 +0.358900 +90.000000 +22 +50
+3.686400 +190.720000 -2823.914400 +1319.633700 -32.466900 -0.460900 +90.000000 +22 +50
+3.833900 +259.295400 -2800.441400 +1298.575100 -28.485800 -1.085500 +90.000000 +22 +50
+3.981400 +333.565500 -2748.454700 +1274.048900 -24.472200 -1.338200 +90.000000 +22 +50
+4.128800 +412.465300 -2672.818700 +1253.953100 -20.444000 -1.355900 +90.000000 +22 +50
+4.276300 +496.472500 -2585.306700 +1243.040300 -16.408600 -1.355100 +90.000000 +22 +50
+4.423700 +584.583100 -2495.771000 +1231.789100 -12.373500 -1.271200 +90.000000 +22 +50
+4.571200 +676.873700 -2411.853800 +1215.420600 -8.355200 -0.823300 +90.000000 +22 +50
+4.718600 +775.047100 -2340.811100 +1199.082500 -4.389800 -0.399500 +90.000000 +22 +50
+4.866100 +880.726000 -2288.197500 +1192.128100 -0.544000 -0.723900 +90.000000 +22 +50
+5.013600 +993.777300 -2256.520400 +1202.270300 +3.085700 -1.950300 +90.000000 +22 +50
+5.161000 +1110.723100 -2243.917300 +1229.727800 +6.395100 -3.926900 +90.000000 +22 +50
+5.308500 +1223.345400 -2243.068000 +1261.755200 +9.314000 -5.924700 +90.000000 +22 +50
+5.455900 +1321.413500 -2245.837300 +1280.873400 +11.840400 -6.549200 +90.000000 +22 +50
+5.603400 +1399.607300 -2245.839900 +1282.695100 +14.040300 -5.369800 +90.000000 +22 +50
+5.750800 +1456.707800 -2233.436100 +1269.720100 +16.012400 -2.833400 +90.000000 +22 +50
+5.898300 +1494.454700 -2197.704600 +1248.442300 +17.842100 +0.204000 +90.000000 +22 +50
+6.045800 +1516.547500 -2128.826100 +1227.230000 +19.571300 +2.768800 +90.000000 +22 +50
+6.193200 +1527.686000 -2020.517300 +1214.299800 +21.193800 +4.044700 +90.000000 +22 +50
+6.340700 +1532.712500 -1872.797700 +1215.754000 +22.672000 +3.328300 +90.000000 +22 +50
+6.488100 +1535.785200 -1694.963500 +1233.566800 +23.964100 +0.550700 +90.000000 +22 +50
+6.635600 +1539.683700 -1507.599000 +1264.669400 +25.051500 -3.515700 +90.000000 +22 +50
+6.783100 +1546.219100 -1334.843300 +1305.510600 +25.947500 -7.782900 +90.000000 +22 +50
+6.930500 +1555.733400 -1195.980700 +1348.796500 +26.680500 -11.620200 +90.000000 +22 +50
+7.078000 +1567.239100 -1105.025200 +1383.472300 +27.253200 -14.752700 +90.000000 +22 +50
+7.225400 +1579.027100 -1070.802900 +1397.717300 +27.596400 -16.572900 +90.000000 +22 +50
+7.372900 +1589.134300 -1096.950000 +1382.161800 +27.541400 -16.621400 +90.000000 +22 +50
+7.520300 +1595.716900 -1181.976000 +1332.977900 +26.841600 -14.805600 +90.000000 +22 +50
+7.667800 +1597.533500 -1319.564000 +1254.667100 +25.256300 -11.152800 +90.000000 +22 +50
+7.815300 +1594.529200 -1499.729700 +1161.617900 +22.662600 -6.502900 +90.000000 +22 +50
+7.962700 +1587.719500 -1711.960200 +1067.534900 +19.121000 -2.142500 +90.000000 +22 +50
+8.110200 +1578.929500 -1933.329300 +981.993700 +14.845000 +0.870100 +90.000000 +22 +50
+8.257600 +1570.389000 -2131.134500 +913.359000 +10.100000 +1.338900 +90.000000 +22 +50
+8.405100 +1564.125000 -2275.531800 +866.971400 +5.108600 -1.374200 +90.000000 +22 +50
+8.552500 +1561.339500 -2351.524900 +843.358200 +0.011800 -5.643900 +90.000000 +22 +50
+8.700000 +1561.634000 -2370.323600 +836.462500 -5.117100 -10.000000 +90.000000 +22 +50
[END]


true
stable state found
Calculation time[s] 808.339990
LimitWaterLVL[m] 0.400000
WaterLVL at time zero[m] -0.061623
Timestep[s] | HighestPointXYZ[m] | AngleToY[°] | Distance[m] | AngleX[°] | AngleY[°]
0.000000 0.002589 -0.063194 0.000000 177.653506 0.400000 -0.058638 -0.008053
0.147500 0.043827 -0.011377 -0.006055 104.552266 0.389899 -13.488829 0.135901
0.295000 -0.052288 0.024273 0.028818 294.901300 0.373766 -46.449760 0.855629
0.442500 0.041370 0.021581 0.002773 62.450289 0.383535 -16.417954 1.336995
0.590000 0.026439 0.003108 0.000275 83.295615 0.395452 -9.816453 -0.526768
0.737500 -0.043573 -0.040549 0.014100 227.058770 0.385091 -14.352478 -0.007527
0.885000 0.061209 -0.031450 0.014059 117.194481 0.390165 19.224465 -0.464446
1.032500 0.024034 -0.062664 0.006863 159.016150 0.389906 25.176377 -0.955205
1.180000 -0.033266 -0.027492 0.006159 230.428161 0.376753 11.018026 -1.523926
1.327500 0.018427 -0.063075 0.002502 163.714481 0.390032 28.054401 0.171912
1.475000 0.063345 -0.037293 0.015207 120.486530 0.388521 28.961086 0.664601
1.622500 -0.039657 0.020157 0.002812 296.943596 0.384659 9.343756 2.166552
1.770000 -0.041421 0.015552 -0.003299 290.578968 0.394028 13.728938 3.918918
1.917500 0.058171 -0.006076 0.008796 95.963447 0.395039 15.828207 5.067705
2.065000 -0.038283 -0.018636 0.002631 244.043501 0.391301 1.598217 3.656281
2.212500 -0.031110 0.034680 0.000156 318.106438 0.395906 10.222543 4.191638
2.360000 0.007555 0.045671 0.003224 9.392936 0.396852 9.963926 2.727961
2.507500 -0.042757 -0.006584 0.004010 261.245984 0.391966 -0.707792 1.303873
2.655000 0.053129 -0.042528 0.002541 128.676112 0.398882 5.982342 1.389309
2.802500 0.018858 -0.061234 0.000726 162.882938 0.399128 -0.113754 -0.950988
2.950000 -0.023957 -0.061581 0.004128 201.257644 0.395809 -7.418377 -2.930684
3.097500 0.059924 -0.016993 -0.000759 105.832056 0.400004 -0.618481 -2.715333
3.245000 -0.018837 -0.063616 0.004467 196.494272 0.396428 -5.890918 -4.204870
3.392500 -0.053154 -0.003755 0.008177 265.959122 0.392633 -9.829225 -4.799110
3.540000 -0.009599 -0.065145 0.003895 188.382116 0.396374 -1.117191 -6.607445
3.687500 -0.004423 -0.065712 0.007072 183.850706 0.392566 -1.171039 -9.643079
3.835000 0.000802 -0.065715 0.007055 179.300785 0.392060 -3.561846 -8.486968
3.982500 0.005922 -0.065148 0.003790 174.806047 0.395114 2.432504 -5.854696
4.130000 0.010632 -0.064517 0.003941 170.642118 0.394949 0.516125 -5.880473
4.277500 -0.027235 -0.035722 0.002537 217.322452 0.396290 -2.683950 0.390148
4.425000 0.055534 -0.014485 0.000262 104.618816 0.400028 1.872041 2.285988
4.572500 -0.041016 -0.029762 -0.000753 234.034638 0.400056 0.554952 1.146172
4.720000 -0.032800 0.035487 0.006862 317.253348 0.393260 -4.430138 6.284267
4.867500 0.032691 0.048587 0.004133 33.934019 0.396555 -0.543076 6.539895
5.015000 -0.042900 0.000500 0.001551 270.667753 0.397810 1.285378 3.281184
5.162500 -0.027246 0.036088 0.005186 322.947717 0.395850 2.472869 5.210858
5.310000 0.060522 -0.012351 0.005400 101.534231 0.392399 11.162602 1.767045
5.457500 0.051004 -0.046608 0.008370 132.421401 0.384638 15.271456 -2.323953
5.605000 0.044980 -0.050333 0.003670 138.214487 0.390343 10.600456 -0.957159
5.752500 0.048960 -0.047040 0.005948 133.854237 0.391419 8.077562 -6.405635
5.900000 0.021253 -0.047523 0.010591 155.905089 0.389573 6.863309 -11.988918
6.047500 0.046340 -0.043791 0.008370 133.380112 0.393271 -1.619970 -8.581586
6.195000 -0.020309 -0.045082 0.008327 204.251337 0.393847 -3.682643 -10.778633
6.342500 0.031275 -0.043531 0.009161 144.304511 0.392789 -0.894052 -10.448377
6.490000 -0.026948 -0.041980 0.003475 212.697409 0.396892 -2.701535 -2.029309
6.637500 -0.000716 -0.032815 -0.000489 181.249955 0.397734 2.269119 3.292141
6.785000 0.026808 0.058431 0.010660 24.645541 0.393248 8.858740 8.769517
6.932500 0.009834 0.056498 0.016619 9.873938 0.386596 9.611502 14.419623
7.080000 0.058138 0.047062 0.016538 51.010253 0.380841 14.274258 16.787136
7.227500 0.054990 0.050119 0.020893 47.653324 0.375456 18.876153 18.449879
7.375000 0.050113 0.052337 0.023208 43.756410 0.374008 16.744527 21.542733
7.522500 0.031650 0.056723 0.020013 29.160413 0.380800 15.754661 17.535856
7.670000 0.055464 0.019707 0.007518 70.439286 0.387883 14.131059 12.887555
7.817500 0.024218 0.053166 0.008072 24.490057 0.395294 6.667159 8.942376
7.965000 0.026628 0.030712 0.002531 40.926029 0.398355 1.462395 5.815337
8.112500 0.036028 -0.052114 0.005322 145.342711 0.395372 -0.185446 -6.138837
8.260000 -0.035722 -0.043666 0.010791 219.285370 0.390252 -3.091087 -15.072331
8.407500 0.044802 -0.051973 0.011478 139.237856 0.387482 -0.154716 -15.347600
8.555000 0.033628 -0.057885 0.017728 149.845769 0.376200 5.953878 -18.573730