[HEADER]
  GEAR_NOMINAL_VEL = 1.000000
  SAMPLING_MODE = CARTESIAN
  CRC = 4230818067
[RECORDS]
+0.000000 -1518.572600 -2138.653400 +1244.170800 -69.997600 +0.000000 +90.000000 +22 +50
+0.147500 -1509.285200 -2138.786800 +1247.564900 -69.292300 +11.170900 +90.000000 +22 +50
+0.294900 -1456.915700 -2140.531100 +1265.977000 -68.584600 +12.102500 +90.000000 +22 +50
+0.442400 -1345.766000 -2144.288900 +1304.858600 -67.876300 +10.175200 +90.000000 +22 +50
+0.589800 -1182.051100 -2149.441400 +1361.488300 -67.167000 +5.399700 +90.000000 +22 +50
+0.737300 -985.510500 -2154.756000 +1427.244800 -66.455600 -0.942700 +90.000000 +22 +50
+0.884700 -780.962800 -2158.820100 +1489.786100 -65.740700 -6.743700 +90.000000 +22 +50
+1.032200 -589.513600 -2160.517200 +1535.414100 -65.021100 -10.522700 +90.000000 +22 +50
+1.179700 -421.776700 -2159.129600 +1554.279400 -64.295100 -12.498800 +90.000000 +22 +50
+1.327100 -284.540100 -2154.317900 +1549.144800 -63.559900 -12.857600 +90.000000 +22 +50
+1.474600 -179.687700 -2148.280300 +1521.183200 -62.808300 -11.899200 +90.000000 +22 +50
+1.622000 -103.825300 -2145.214900 +1468.506700 -62.023900 -10.087700 +90.000000 +22 +50
+1.769500 -50.641300 -2149.955300 +1390.537900 -61.179500 -7.988700 +90.000000 +22 +50
+1.916900 -13.343800 -2166.732800 +1292.550400 -60.241700 -6.385400 +90.000000 +22 +50
+2.064400 +12.810500 -2198.286000 +1190.186600 -59.181900 -5.715400 +90.000000 +22 +50
+2.211900 +28.407100 -2245.594100 +1108.669400 -57.987100 -5.380100 +90.000000 +22 +50
+2.359300 +32.992700 -2308.009800 +1063.898900 -56.658200 -4.909000 +90.000000 +22 +50
+2.506800 +28.904600 -2382.328300 +1058.569600 -55.191500 -4.047800 +90.000000 +22 +50
+2.654200 +20.578400 -2463.438300 +1086.561900 -53.551900 -2.788300 +90.000000 +22 +50
+2.801700 +13.379900 -2545.455900 +1136.578000 -51.660900 -1.368400 +90.000000 +22 +50
+2.949200 +12.494800 -2622.762900 +1195.558300 -49.416500 -0.082400 +90.000000 +22 +50
+3.096600 +21.893100 -2690.913900 +1251.958500 -46.739900 +0.843900 +90.000000 +22 +50
+3.244100 +44.174000 -2748.104000 +1296.667300 -43.621400 +1.257000 +90.000000 +22 +50
+3.391500 +80.591000 -2792.644600 +1323.052600 -40.128500 +1.045600 +90.000000 +22 +50
+3.539000 +130.216200 -2819.827300 +1329.740000 -36.373700 +0.358900 +90.000000 +22 +50
+3.686400 +190.720000 -2823.914400 +1319.633700 -32.466900 -0.460900 +90.000000 +22 +50
+3.833900 +259.295400 -2800.441400 +1298.575100 -28.485800 -1.085500 +90.000000 +22 +50
+3.981400 +333.565500 -2748.454700 +1274.048900 -24.472200 -1.338200 +90.000000 +22 +50
+4.128800 +412.465300 -2672.818700 +1253.953100 -20.444000 -1.355900 +90.000000 +22 +50
+4.276300 +496.472500 -2585.306700 +1243.040300 -16.408600 -1.355100 +90.000000 +22 +50
+4.423700 +584.583100 -2495.771000 +1231.789100 -12.373500 -1.271200 +90.000000 +22 +50
+4.571200 +676.873700 -2411.853800 +1215.420600 -8.355200 -0.823300 +90.000000 +22 +50
+4.718600 +775.047100 -2340.811100 +1199.082500 -4.389800 -0.399500 +90.000000 +22 +50
+4.866100 +880.726000 -2288.197500 +1192.128100 -0.544000 -0.723900 +90.000000 +22 +50
+5.013600 +993.777300 -2256.520400 +1202.270300 +3.085700 -1.950300 +90.000000 +22 +50
+5.161000 +1110.723100 -2243.917300 +1229.727800 +6.395100 -3.926900 +90.000000 +22 +50
+5.308500 +1223.345400 -2243.068000 +1261.755200 +9.314000 -5.924700 +90.000000 +22 +50
+5.455900 +1321.413500 -2245.837300 +1280.873400 +11.840400 -6.549200 +90.000000 +22 +50
+5.603400 +1399.607300 -2245.839900 +1282.695100 +14.040300 -5.369800 +90.000000 +22 +50
+5.750800 +1456.707800 -2233.436100 +1269.720100 +16.012400 -2.833400 +90.000000 +22 +50
+5.898300 +1494.454700 -2197.704600 +1248.442300 +17.842100 +0.204000 +90.000000 +22 +50
+6.045800 +1516.547500 -2128.826100 +1227.230000 +19.571300 +2.768800 +90.000000 +22 +50
+6.193200 +1527.686000 -2020.517300 +1214.299800 +21.193800 +4.044700 +90.000000 +22 +50
+6.340700 +1532.712500 -1872.797700 +1215.754000 +22.672000 +3.328300 +90.000000 +22 +50
+6.488100 +1535.785200 -1694.963500 +1233.566800 +23.964100 +0.550700 +90.000000 +22 +50
+6.635600 +1539.683700 -1507.599000 +1264.669400 +25.051500 -3.515700 +90.000000 +22 +50
+6.783100 +1546.219100 -1334.843300 +1305.510600 +25.947500 -7.782900 +90.000000 +22 +50
+6.930500 +1555.733400 -1195.980700 +1348.796500 +26.680500 -11.620200 +90.000000 +22 +50
+7.078000 +1567.239100 -1105.025200 +1383.472300 +27.253200 -14.752700 +90.000000 +22 +50
+7.225400 +1579.027100 -1070.802900 +1397.717300 +27.596400 -16.572900 +90.000000 +22 +50
+7.372900 +1589.134300 -1096.950000 +1382.161800 +27.541400 -16.621400 +90.000000 +22 +50
+7.520300 +1595.716900 -1181.976000 +1332.977900 +26.841600 -14.805600 +90.000000 +22 +50
+7.667800 +1597.533500 -1319.564000 +1254.667100 +25.256300 -11.152800 +90.000000 +22 +50
+7.815300 +1594.529200 -1499.729700 +1161.617900 +22.662600 -6.502900 +90.000000 +22 +50
+7.962700 +1587.719500 -1711.960200 +1067.534900 +19.121000 -2.142500 +90.000000 +22 +50
+8.110200 +1578.929500 -1933.329300 +981.993700 +14.845000 +0.870100 +90.000000 +22 +50
+8.257600 +1570.389000 -2131.134500 +913.359000 +10.100000 +1.338900 +90.000000 +22 +50
+8.405100 +1564.125000 -2275.531800 +866.971400 +5.108600 -1.374200 +90.000000 +22 +50
+8.552500 +1561.339500 -2351.524900 +843.358200 +0.011800 -5.643900 +90.000000 +22 +50
+8.700000 +1561.634000 -2370.323600 +836.462500 -5.117100 -10.000000 +90.000000 +22 +50
[END]


true
stable state found
Calculation time[s] 1725.555024
LimitWaterLVL[m] 0.400000
WaterLVL at time zero[m] -0.061623
Timestep[s] | HighestPointXYZ[m] | AngleToY[°] | Distance[m] | AngleX[°] | AngleY[°]
0.000000 0.002589 -0.063194 0.000000 177.653506 0.400000 -0.058638 -0.008053
0.147500 0.041993 0.007403 -0.006102 80.002176 0.390255 -15.464458 0.214498
0.295000 -0.045535 0.037693 0.023442 309.616884 0.377538 -43.711802 1.103274
0.442500 0.044800 -0.027622 0.013554 121.656056 0.372640 -13.272687 0.073936
0.590000 -0.026475 0.020505 0.005325 307.757880 0.395317 -16.282947 0.041219
0.737500 -0.035554 -0.052232 0.010466 214.243081 0.388845 -11.061890 0.299811
0.885000 0.042632 -0.054785 0.019654 142.110994 0.382230 23.605891 -1.322282
1.032500 -0.024778 -0.055005 -0.002044 204.250008 0.389904 15.174589 -1.831232
1.180000 -0.035306 0.009090 0.001798 284.437994 0.381358 11.890308 0.346522
1.327500 0.057107 0.029021 0.026089 63.060624 0.377888 35.947983 -1.671011
1.475000 -0.024765 0.035903 0.000587 325.402826 0.386691 17.873219 -0.220390
1.622500 -0.037787 0.003322 0.003141 275.024220 0.384250 7.105642 4.070840
1.770000 0.058479 -0.041746 0.018275 125.521381 0.385163 24.598583 3.710836
1.917500 -0.041759 0.005595 0.001666 277.630949 0.391391 5.043535 2.451362
2.065000 -0.045073 0.017518 0.005771 291.238702 0.388188 0.392343 5.867012
2.212500 0.060420 -0.033020 0.016169 118.656948 0.387037 19.900307 2.713505
2.360000 -0.046915 0.015084 0.010392 287.823514 0.384571 -4.353030 1.822063
2.507500 0.062413 -0.010987 0.007367 99.983888 0.395715 8.464396 3.200478
2.655000 0.003219 -0.065563 0.003600 177.189160 0.395178 8.806097 -1.706152
2.802500 -0.041382 -0.020759 0.014021 243.359678 0.384775 -12.969728 -0.935477
2.950000 0.054203 -0.038862 0.007512 125.639440 0.392541 7.416744 0.187915
3.097500 -0.021926 -0.062627 0.004474 199.295385 0.396144 -3.664792 -7.422261
3.245000 -0.050017 0.018422 0.012236 290.219498 0.388475 -17.075707 -2.176717
3.392500 0.057756 0.009441 0.010009 80.716336 0.388927 4.073732 -1.564127
3.540000 -0.000479 -0.066176 0.014772 180.414715 0.385452 -3.201955 -12.765036
3.687500 -0.052073 -0.006841 0.014164 262.515727 0.385457 -11.463009 -6.477621
3.835000 0.064342 0.008532 0.011993 82.446424 0.388958 9.093154 -4.440511
3.982500 0.004642 -0.063555 0.014763 175.822586 0.384149 -1.344001 -13.981935
4.130000 -0.051058 -0.010023 0.006124 258.893713 0.392802 -6.698886 0.868741
4.277500 0.067925 -0.007076 0.008564 95.947263 0.392145 9.113659 2.420440
4.425000 -0.000216 -0.049710 0.006939 180.248960 0.392031 -3.447447 -7.319149
4.572500 0.008814 0.055612 0.010920 9.005954 0.389803 -5.504517 9.712999
4.720000 0.048810 0.040218 0.007694 50.512484 0.392693 6.083207 6.397504
4.867500 -0.039649 -0.033506 0.010408 229.800002 0.388989 -6.428921 -2.498806
5.015000 -0.017130 0.048459 0.014230 340.531731 0.386954 -1.052767 13.549987
5.162500 0.053074 -0.044994 0.007040 130.289936 0.389898 10.901391 -0.346109
5.310000 -0.015338 -0.043241 0.005357 199.530087 0.387856 3.941430 -4.131140
5.457500 0.066234 0.029036 0.018202 66.327925 0.383657 13.742700 7.478753
5.605000 0.055440 -0.042472 0.019636 127.455345 0.375280 17.883007 -7.531168
5.752500 -0.023260 -0.045280 0.009490 207.189229 0.387720 2.021107 -10.582997
5.900000 0.014253 0.056079 0.003415 14.260206 0.396381 4.688632 -1.145221
6.047500 0.054480 -0.026079 0.016030 115.580202 0.384761 4.637168 -17.406440
6.195000 -0.035549 -0.039601 0.013245 221.914027 0.388532 -9.637459 -9.539292
6.342500 0.044595 0.044523 0.000360 45.046290 0.396504 -0.002398 -2.212838
6.490000 -0.027588 -0.044280 0.011504 211.924360 0.388884 1.486553 -12.017968
6.637500 -0.012206 0.052343 0.014365 346.873625 0.388173 -2.913060 9.428511
6.785000 0.070508 0.011138 0.009650 81.023284 0.387265 11.869404 10.973987
6.932500 0.050964 -0.041190 0.001461 128.945752 0.380937 11.233753 5.112838
7.080000 -0.024642 0.038802 0.022752 327.581580 0.375406 9.459065 23.910459
7.227500 0.069140 -0.028971 0.001594 112.734629 0.371058 23.712318 19.784078
7.375000 -0.009097 -0.045115 -0.002668 191.400269 0.373391 17.637208 10.163076
7.522500 0.014620 0.052913 0.023924 15.445615 0.376570 10.838869 23.285652
7.670000 0.070814 0.010566 0.010537 81.513631 0.382889 18.798228 14.378182
7.817500 -0.008932 -0.049992 0.000496 190.130066 0.391325 5.931835 -0.876783
7.965000 -0.031942 0.033583 0.012110 316.434609 0.388856 -2.014589 12.415141
8.112500 0.028988 -0.049178 0.009266 149.482752 0.391393 4.410464 -8.621802
8.260000 -0.019042 -0.047053 0.014210 202.032856 0.386845 -6.510843 -19.130183
8.407500 0.029492 -0.056189 0.007253 152.306303 0.391514 -0.092165 -6.705517
8.555000 0.036888 -0.054063 0.025173 145.693692 0.369254 8.372539 -26.277279