"[HEADER]"
"  GEAR_NOMINAL_VEL = 1.000000"
"  CRC = 4230818067"
"[RECORDS]"
"  +0.000000 +142.025000 -41.047000 +80.730500 -101.702700 +76.263000 +41.098000"
"  +0.172600 +142.402500 -40.250000 +80.941700 -100.865600 +77.408700 +41.098200"
"  +0.345300 +140.877800 -43.321000 +84.882600 -101.573900 +76.968600 +42.111400"
"  +0.517900 +137.786600 -48.945300 +91.853700 -103.539200 +75.392400 +43.798400"
"  +0.690500 +133.465100 -55.808000 +101.155600 -106.473100 +73.130000 +45.820000"
"  +0.863200 +128.249200 -62.594400 +112.088900 -110.087200 +70.631200 +47.836900"
"  +1.035800 +122.534700 -68.127300 +123.684100 -114.100100 +68.325300 +49.649700"
"  +1.208400 +117.013500 -71.911100 +133.633600 -118.264600 +66.539200 +51.750700"
"  +1.381100 +112.458000 -73.661300 +139.263900 -122.344100 +65.574200 +54.835500"
"  +1.553700 +109.188100 -73.094700 +139.859300 -126.086000 +65.970100 +59.151400"
"  +1.726300 +106.924400 -69.929700 +137.293600 -129.216900 +68.582400 +64.352400"
"  +1.899000 +105.370600 -64.148600 +133.411700 -131.465600 +73.817000 +69.910000"
"  +2.071600 +104.378500 -57.356600 +128.785600 -132.582000 +79.177300 +74.419400"
"  +2.244200 +103.855700 -51.760000 +123.501500 -132.326500 +81.098100 +76.156700"
"  +2.416900 +103.691200 -48.467700 +117.564200 -130.613600 +78.407300 +74.343600"
"  +2.589500 +103.743600 -46.832600 +110.849900 -127.604200 +73.761300 +69.713200"
"  +2.762100 +103.869100 -46.058100 +103.274200 -123.503000 +69.902400 +63.135900"
"  +2.934800 +103.926000 -45.408000 +95.143700 -118.684000 +67.585500 +55.492200"
"  +3.107400 +103.774000 -44.177800 +86.946600 -113.599800 +66.640000 +47.667900"
"  +3.280100 +103.327000 -42.058500 +79.088000 -108.717200 +66.903400 +40.522700"
"  +3.452700 +102.604300 -39.507900 +71.810400 -104.529000 +68.238600 +34.867000"
"  +3.625300 +101.637600 -37.075000 +65.443900 -101.473800 +70.496400 +31.433000"
"  +3.798000 +100.464400 -35.342900 +61.361200 -99.430200 +73.378400 +30.243600"
"  +3.970600 +99.125400 -34.912100 +61.520600 -97.959300 +76.502300 +30.919800"
"  +4.143200 +97.623000 -35.941700 +66.416000 -96.703900 +79.542700 +32.995500"
"  +4.315900 +95.869000 -37.546500 +73.063000 -95.508800 +82.310900 +35.810100"
"  +4.488500 +93.765100 -38.744600 +78.141700 -94.261800 +84.643900 +38.664800"
"  +4.661100 +91.254900 -39.238700 +80.444900 -93.032700 +86.451300 +40.733600"
"  +4.833800 +88.310000 -39.201000 +80.214800 -92.015500 +87.692100 +41.103300"
"  +5.006400 +85.000800 -38.714700 +77.729200 -91.335100 +88.389100 +39.252900"
"  +5.179000 +81.680800 -37.577400 +73.287500 -90.908300 +88.747000 +35.803200"
"  +5.351700 +78.742400 -35.571700 +67.249500 -90.615500 +89.000200 +31.594500"
"  +5.524300 +76.366700 -33.089900 +60.919300 -90.358000 +89.332200 +27.695500"
"  +5.696900 +74.559900 -31.028300 +56.381900 -90.054000 +89.884900 +25.363200"
"  +5.869600 +73.255500 -30.216200 +55.511700 -89.649300 +90.703700 +25.596800"
"  +6.042200 +72.146100 -31.188000 +59.343500 -89.185400 +91.492600 +28.451600"
"  +6.214800 +70.875500 -34.389000 +68.624900 -88.731600 +91.888300 +33.734000"
"  +6.387500 +69.207100 -39.743700 +81.836400 -88.506800 +91.730700 +40.393700"
"  +6.560100 +67.024200 -46.657000 +95.198900 -88.878600 +91.062000 +46.525700"
"  +6.732700 +64.326500 -54.202800 +105.470800 -90.054900 +89.989600 +50.575000"
"  +6.905400 +61.608900 -60.085800 +112.229600 -91.508200 +88.869900 +52.700800"
"  +7.078000 +59.499500 -61.700800 +115.830900 -92.521500 +88.119700 +53.535000"
"  +7.250600 +58.508900 -58.717400 +116.533800 -92.853900 +87.865000 +53.614100"
"  +7.423300 +59.005700 -53.536900 +114.481500 -92.836700 +87.883400 +53.361000"
"  +7.595900 +61.145100 -48.468600 +110.044500 -92.794900 +87.957000 +53.141000"
"  +7.768500 +63.951900 -44.427300 +104.880500 -92.835400 +88.008700 +53.041100"
"  +7.941200 +66.084600 -41.839200 +101.064300 -92.991600 +88.013000 +53.054000"
"  +8.113800 +67.230000 -40.560600 +99.491100 -93.371200 +88.134200 +53.239900"
"  +8.286400 +68.564800 -39.622600 +99.346800 -94.189500 +88.811600 +53.756100"
"  +8.459100 +71.382200 -37.991700 +99.683200 -95.670200 +90.505900 +54.767700"
"[END]"
