"[HEADER]"
"  GEAR_NOMINAL_VEL = 1.000000"
"  SAMPLING_MODE = CARTESIAN"
"  CRC = 4230818067"
"[RECORDS]"
"+0.000000 -1518.572600 -2138.653400 +1244.170800 -69.997600 +0.000000 +90.000000 +22 +50"
"+0.172600 -1514.649500 -2121.980800 +1214.587700 -68.977700 -0.773900 +90.151100 +22 +50"
"+0.345300 -1423.757800 -2129.878600 +1254.262300 -68.241500 -0.747400 +90.191300 +22 +50"
"+0.517900 -1257.707800 -2144.425800 +1322.895900 -67.605000 -0.795600 +90.330900 +22 +50"
"+0.690500 -1031.641800 -2142.319300 +1378.711500 -66.887100 -1.800200 +90.901800 +22 +50"
"+0.863200 -768.295300 -2105.233600 +1386.796500 -65.966300 -4.530300 +92.398200 +22 +50"
"+1.035800 -497.882700 -2026.550700 +1335.037700 -64.960500 -9.088700 +95.227600 +22 +50"
"+1.208400 -267.280200 -1929.563900 +1263.663300 -64.232600 -13.164300 +98.553100 +22 +50"
"+1.381100 -116.262300 -1872.061800 +1220.482300 -63.653100 -14.175500 +100.421300 +22 +50"
"+1.553700 -40.847200 -1891.482000 +1219.011100 -62.744700 -11.838500 +99.525000 +22 +50"
"+1.726300 -2.411900 -1965.237700 +1232.720800 -61.308300 -8.138000 +96.408700 +22 +50"
"+1.899000 +24.014700 -2057.541000 +1228.281200 -59.473600 -4.690500 +92.040100 +22 +50"
"+2.071600 +38.754800 -2149.574200 +1194.629400 -57.956400 -2.009600 +88.069200 +22 +50"
"+2.244200 +42.205900 -2238.405700 +1141.220200 -56.792300 -0.423500 +86.475600 +22 +50"
"+2.416900 +37.060900 -2329.894900 +1092.055900 -55.601800 +0.071100 +87.719400 +22 +50"
"+2.589500 +25.094700 -2426.697400 +1075.944900 -54.222200 +0.022500 +89.696900 +22 +50"
"+2.762100 +13.709600 -2525.297500 +1112.837900 -52.323200 -0.022500 +90.470100 +22 +50"
"+2.934800 +11.208000 -2616.930500 +1185.310300 -49.731300 +0.033800 +90.239600 +22 +50"
"+3.107400 +23.603800 -2695.017500 +1255.379300 -46.501500 -0.056100 +89.967900 +22 +50"
"+3.280100 +53.949300 -2758.027400 +1298.102700 -42.729100 -0.355300 +90.034200 +22 +50"
"+3.452700 +100.601400 -2804.835500 +1323.350900 -38.572900 -0.227200 +90.068000 +22 +50"
"+3.625300 +161.755800 -2832.423700 +1346.710500 -34.155700 +1.013200 +89.636000 +22 +50"
"+3.798000 +236.865400 -2829.094500 +1359.714400 -29.530800 +2.694500 +89.104600 +22 +50"
"+3.970600 +323.735500 -2781.531500 +1342.439500 -24.783200 +3.243000 +89.090800 +22 +50"
"+4.143200 +419.118200 -2684.801800 +1293.662300 -20.031200 +1.864000 +89.605000 +22 +50"
"+4.315900 +520.103500 -2561.317100 +1241.534200 -15.318100 -0.075500 +90.016800 +22 +50"
"+4.488500 +625.077100 -2446.423100 +1206.412600 -10.606900 -0.924600 +90.118500 +22 +50"
"+4.661100 +735.895900 -2358.976100 +1191.248400 -5.921900 -0.564200 +90.060100 +22 +50"
"+4.833800 +857.036700 -2298.776500 +1194.079700 -1.373800 +0.048800 +89.994900 +22 +50"
"+5.006400 +990.348700 -2261.903600 +1213.137100 +2.907100 +0.219200 +89.977100 +22 +50"
"+5.179000 +1126.324100 -2244.557200 +1239.589000 +6.771700 +0.083000 +89.993900 +22 +50"
"+5.351700 +1252.122100 -2244.630500 +1262.949800 +10.083500 -0.088600 +90.001300 +22 +50"
"+5.524300 +1358.368700 -2249.254900 +1276.294800 +12.875600 -0.136000 +89.995200 +22 +50"
"+5.696900 +1438.250600 -2239.948500 +1276.184800 +15.313000 +0.009500 +90.000500 +22 +50"
"+5.869600 +1488.001400 -2204.006100 +1261.050600 +17.530600 +0.299000 +90.016400 +22 +50"
"+6.042200 +1515.764700 -2130.257000 +1234.350900 +19.554300 +0.285300 +90.013700 +22 +50"
"+6.214800 +1528.445000 -1998.370800 +1202.782600 +21.399200 -0.522400 +89.985800 +22 +50"
"+6.387500 +1529.127100 -1803.325200 +1189.795100 +23.079500 -1.720500 +89.947400 +22 +50"
"+6.560100 +1527.117500 -1578.763300 +1222.998700 +24.521200 -2.025800 +89.946400 +22 +50"
"+6.732700 +1536.205600 -1372.324700 +1300.198900 +25.624400 -0.693100 +89.973800 +22 +50"
"+6.905400 +1552.057900 -1210.981700 +1362.968800 +26.506600 +0.541600 +89.966900 +22 +50"
"+7.078000 +1573.055900 -1116.302100 +1358.368100 +27.355300 -0.635300 +90.047300 +22 +50"
"+7.250600 +1596.899400 -1097.385000 +1284.525200 +27.917800 -4.246500 +90.288900 +22 +50"
"+7.423300 +1612.463500 -1153.000100 +1187.975900 +27.423900 -7.621300 +90.477900 +22 +50"
"+7.595900 +1606.179300 -1281.007800 +1110.292400 +25.355500 -8.470400 +90.472500 +22 +50"
"+7.768500 +1578.523900 -1433.826300 +1058.680900 +22.556200 -7.451200 +90.338000 +22 +50"
"+7.941200 +1548.720400 -1547.424800 +1029.039000 +20.309600 -6.217400 +90.178900 +22 +50"
"+8.113800 +1527.810900 -1603.297300 +1014.301000 +18.934000 -5.750300 +89.859300 +22 +50"
"+8.286400 +1491.979000 -1644.721600 +1003.787400 +17.332300 -6.050400 +88.910300 +22 +50"
"+8.459100 +1407.739800 -1716.407700 +985.949200 +14.247200 -7.018300 +86.844900 +22 +50"
"[END]"
