[HEADER]
  GEAR_NOMINAL_VEL = 1.000000
  SAMPLING_MODE = CARTESIAN
  CRC = 4230818067
[RECORDS]
+0.000000 -1518.572600 -2138.653400 +1244.170800 -69.997600 +0.000000 +90.000000 +22 +50
+0.147500 -1509.285200 -2138.786800 +1247.564900 -69.292300 +11.170900 +90.000000 +22 +50
+0.294900 -1456.915700 -2140.531100 +1265.977000 -68.584600 +12.102500 +90.000000 +22 +50
+0.442400 -1345.766000 -2144.288900 +1304.858600 -67.876300 +10.175200 +90.000000 +22 +50
+0.589800 -1182.051100 -2149.441400 +1361.488300 -67.167000 +5.399700 +90.000000 +22 +50
+0.737300 -985.510500 -2154.756000 +1427.244800 -66.455600 -0.942700 +90.000000 +22 +50
+0.884700 -780.962800 -2158.820100 +1489.786100 -65.740700 -6.743700 +90.000000 +22 +50
+1.032200 -589.513600 -2160.517200 +1535.414100 -65.021100 -10.522700 +90.000000 +22 +50
+1.179700 -421.776700 -2159.129600 +1554.279400 -64.295100 -12.498800 +90.000000 +22 +50
+1.327100 -284.540100 -2154.317900 +1549.144800 -63.559900 -12.857600 +90.000000 +22 +50
+1.474600 -179.687700 -2148.280300 +1521.183200 -62.808300 -11.899200 +90.000000 +22 +50
+1.622000 -103.825300 -2145.214900 +1468.506700 -62.023900 -10.087700 +90.000000 +22 +50
+1.769500 -50.641300 -2149.955300 +1390.537900 -61.179500 -7.988700 +90.000000 +22 +50
+1.916900 -13.343800 -2166.732800 +1292.550400 -60.241700 -6.385400 +90.000000 +22 +50
+2.064400 +12.810500 -2198.286000 +1190.186600 -59.181900 -5.715400 +90.000000 +22 +50
+2.211900 +28.407100 -2245.594100 +1108.669400 -57.987100 -5.380100 +90.000000 +22 +50
+2.359300 +32.992700 -2308.009800 +1063.898900 -56.658200 -4.909000 +90.000000 +22 +50
+2.506800 +28.904600 -2382.328300 +1058.569600 -55.191500 -4.047800 +90.000000 +22 +50
+2.654200 +20.578400 -2463.438300 +1086.561900 -53.551900 -2.788300 +90.000000 +22 +50
+2.801700 +13.379900 -2545.455900 +1136.578000 -51.660900 -1.368400 +90.000000 +22 +50
+2.949200 +12.494800 -2622.762900 +1195.558300 -49.416500 -0.082400 +90.000000 +22 +50
+3.096600 +21.893100 -2690.913900 +1251.958500 -46.739900 +0.843900 +90.000000 +22 +50
+3.244100 +44.174000 -2748.104000 +1296.667300 -43.621400 +1.257000 +90.000000 +22 +50
+3.391500 +80.591000 -2792.644600 +1323.052600 -40.128500 +1.045600 +90.000000 +22 +50
+3.539000 +130.216200 -2819.827300 +1329.740000 -36.373700 +0.358900 +90.000000 +22 +50
+3.686400 +190.720000 -2823.914400 +1319.633700 -32.466900 -0.460900 +90.000000 +22 +50
+3.833900 +259.295400 -2800.441400 +1298.575100 -28.485800 -1.085500 +90.000000 +22 +50
+3.981400 +333.565500 -2748.454700 +1274.048900 -24.472200 -1.338200 +90.000000 +22 +50
+4.128800 +412.465300 -2672.818700 +1253.953100 -20.444000 -1.355900 +90.000000 +22 +50
+4.276300 +496.472500 -2585.306700 +1243.040300 -16.408600 -1.355100 +90.000000 +22 +50
+4.423700 +584.583100 -2495.771000 +1231.789100 -12.373500 -1.271200 +90.000000 +22 +50
+4.571200 +676.873700 -2411.853800 +1215.420600 -8.355200 -0.823300 +90.000000 +22 +50
+4.718600 +775.047100 -2340.811100 +1199.082500 -4.389800 -0.399500 +90.000000 +22 +50
+4.866100 +880.726000 -2288.197500 +1192.128100 -0.544000 -0.723900 +90.000000 +22 +50
+5.013600 +993.777300 -2256.520400 +1202.270300 +3.085700 -1.950300 +90.000000 +22 +50
+5.161000 +1110.723100 -2243.917300 +1229.727800 +6.395100 -3.926900 +90.000000 +22 +50
+5.308500 +1223.345400 -2243.068000 +1261.755200 +9.314000 -5.924700 +90.000000 +22 +50
+5.455900 +1321.413500 -2245.837300 +1280.873400 +11.840400 -6.549200 +90.000000 +22 +50
+5.603400 +1399.607300 -2245.839900 +1282.695100 +14.040300 -5.369800 +90.000000 +22 +50
+5.750800 +1456.707800 -2233.436100 +1269.720100 +16.012400 -2.833400 +90.000000 +22 +50
+5.898300 +1494.454700 -2197.704600 +1248.442300 +17.842100 +0.204000 +90.000000 +22 +50
+6.045800 +1516.547500 -2128.826100 +1227.230000 +19.571300 +2.768800 +90.000000 +22 +50
+6.193200 +1527.686000 -2020.517300 +1214.299800 +21.193800 +4.044700 +90.000000 +22 +50
+6.340700 +1532.712500 -1872.797700 +1215.754000 +22.672000 +3.328300 +90.000000 +22 +50
+6.488100 +1535.785200 -1694.963500 +1233.566800 +23.964100 +0.550700 +90.000000 +22 +50
+6.635600 +1539.683700 -1507.599000 +1264.669400 +25.051500 -3.515700 +90.000000 +22 +50
+6.783100 +1546.219100 -1334.843300 +1305.510600 +25.947500 -7.782900 +90.000000 +22 +50
+6.930500 +1555.733400 -1195.980700 +1348.796500 +26.680500 -11.620200 +90.000000 +22 +50
+7.078000 +1567.239100 -1105.025200 +1383.472300 +27.253200 -14.752700 +90.000000 +22 +50
+7.225400 +1579.027100 -1070.802900 +1397.717300 +27.596400 -16.572900 +90.000000 +22 +50
+7.372900 +1589.134300 -1096.950000 +1382.161800 +27.541400 -16.621400 +90.000000 +22 +50
+7.520300 +1595.716900 -1181.976000 +1332.977900 +26.841600 -14.805600 +90.000000 +22 +50
+7.667800 +1597.533500 -1319.564000 +1254.667100 +25.256300 -11.152800 +90.000000 +22 +50
+7.815300 +1594.529200 -1499.729700 +1161.617900 +22.662600 -6.502900 +90.000000 +22 +50
+7.962700 +1587.719500 -1711.960200 +1067.534900 +19.121000 -2.142500 +90.000000 +22 +50
+8.110200 +1578.929500 -1933.329300 +981.993700 +14.845000 +0.870100 +90.000000 +22 +50
+8.257600 +1570.389000 -2131.134500 +913.359000 +10.100000 +1.338900 +90.000000 +22 +50
+8.405100 +1564.125000 -2275.531800 +866.971400 +5.108600 -1.374200 +90.000000 +22 +50
+8.552500 +1561.339500 -2351.524900 +843.358200 +0.011800 -5.643900 +90.000000 +22 +50
+8.700000 +1561.634000 -2370.323600 +836.462500 -5.117100 -10.000000 +90.000000 +22 +50
[END]


true
stable state found
Calculation time[s] 801.578935
LimitWaterLVL[m] 0.400000
WaterLVL at time zero[m] -0.061609
Timestep[s] | HighestPointXYZ[m] | AngleToY[°] | Distance[m] | AngleX[°] | AngleY[°]
0.000000 -0.002598 0.002597 -0.063171 0.000000 -0.063171 -0.003089 0.006806
0.147500 0.041990 0.007418 -0.006126 79.981044 0.390280 -16.198018 0.057896
0.295000 -0.052666 0.012856 0.040662 283.717897 0.362324 -49.819413 -0.435762
0.442500 -0.051458 0.008509 0.046890 279.388873 0.356585 -63.029113 -0.294358
0.590000 -0.047763 0.023586 0.030901 296.281057 0.371841 -36.717344 2.735478
0.737500 -0.049226 -0.032774 0.014389 236.344865 0.384718 -9.044384 1.010459
0.885000 -0.034154 -0.051990 0.002983 213.302172 0.389818 14.068216 -0.588940
1.032500 0.060942 -0.029212 0.025633 115.610082 0.378696 36.914499 -2.826302
1.180000 0.045784 -0.034778 0.039645 127.220521 0.360927 52.464494 -5.375517
1.327500 0.060597 -0.022512 0.031367 110.380459 0.372228 46.614288 -3.005237
1.475000 0.067095 -0.013598 0.023788 101.456835 0.381503 31.802219 1.839645
1.622500 0.050003 -0.052201 0.011035 136.232068 0.390358 25.467713 4.894078
1.770000 0.041159 0.028312 0.015758 55.476934 0.386769 24.560868 8.916184
1.917500 0.047531 0.025555 0.019358 61.735464 0.383972 23.736825 14.791806
2.065000 0.047437 0.031945 0.018984 56.042907 0.384359 18.216109 17.925631
2.212500 -0.006860 0.045452 0.010054 351.417141 0.388486 9.277167 10.819336
2.360000 0.038125 0.042086 0.010414 42.172902 0.392163 7.605510 5.287418
2.507500 0.052093 0.006241 0.006650 83.168243 0.396037 9.738404 4.428768
2.655000 0.051849 -0.012316 0.005729 103.362167 0.396054 8.226179 4.195866
2.802500 0.003858 0.048150 0.004031 4.581015 0.396306 2.652136 0.583824
2.950000 -0.046377 -0.035289 0.007408 232.731914 0.392512 -8.644447 -5.498247
3.097500 -0.027906 -0.051590 0.023714 208.409788 0.376923 -20.524039 -16.123779
3.245000 -0.018947 -0.049759 0.034972 200.845599 0.365798 -31.286095 -26.848094
3.392500 -0.040834 -0.025993 0.042542 237.521091 0.358281 -39.571255 -37.722948
3.540000 -0.028809 -0.035826 0.049524 218.804037 0.350743 -42.316000 -45.851742
3.687500 -0.006973 -0.045959 0.049115 188.627244 0.350604 -32.640842 -47.040914
3.835000 -0.007678 -0.050267 0.040852 188.684483 0.358344 -7.647937 -33.677589
3.982500 0.004052 -0.057213 0.029788 175.948902 0.369224 3.959903 -22.401802
4.130000 0.003902 -0.060285 0.022529 176.296646 0.376340 4.146253 -17.167311
4.277500 0.013615 -0.062528 0.011357 167.716016 0.387536 -2.141757 -10.553883
4.425000 0.019154 -0.063325 0.007615 163.170936 0.391329 -7.836401 -2.743025
4.572500 -0.038996 0.024716 0.010462 302.366874 0.389544 -10.549292 7.226979
4.720000 -0.020740 0.044401 0.026236 334.962412 0.373977 -11.785254 19.223053
4.867500 -0.010779 0.047237 0.030152 347.145782 0.370329 -10.127611 27.235107
5.015000 -0.005730 0.049594 0.026373 353.409426 0.374969 -6.805100 28.311425
5.162500 -0.010936 0.048532 0.022015 347.301327 0.380151 0.393779 21.888197
5.310000 -0.019188 0.047710 0.016010 338.091128 0.386411 11.503758 12.038283
5.457500 0.053514 -0.042899 0.016819 128.717082 0.376704 26.006147 3.380062
5.605000 0.052710 -0.034943 0.027577 123.541562 0.368048 33.500263 -3.914749
5.752500 0.044400 -0.044625 0.020916 135.144808 0.376573 25.526206 -11.769299
5.900000 0.046073 -0.039377 0.018581 130.519007 0.381550 10.623646 -19.443055
6.047500 0.013260 -0.052128 0.021668 165.728191 0.380404 1.504454 -24.768699
6.195000 -0.012409 -0.049599 0.023453 194.046354 0.379088 0.230313 -28.356505
6.342500 -0.006095 -0.049559 0.026860 187.011298 0.375369 3.087603 -31.813347
6.490000 -0.007598 -0.049223 0.023117 188.774850 0.377333 2.977114 -27.957070
6.637500 0.028594 -0.050835 0.016894 150.642835 0.379126 2.898646 -8.635174
6.785000 -0.006532 0.049040 0.029388 352.413010 0.373895 7.215433 15.360170
6.932500 0.016444 0.046208 0.041118 19.589074 0.360385 14.470106 33.072583
7.080000 0.033628 0.045292 0.042654 36.592818 0.355927 20.127630 41.845694
7.227500 0.030500 0.045769 0.042145 33.679088 0.354780 21.162591 43.169604
7.375000 0.028023 0.042007 0.044636 33.707376 0.351376 22.177159 47.115108
7.522500 0.018210 0.039396 0.048514 24.807780 0.349257 22.108897 52.735781
7.670000 0.020914 0.044167 0.044017 25.338536 0.357397 17.792400 45.600664
7.817500 0.002458 0.047679 0.035866 2.951162 0.367173 9.875087 29.620457
7.965000 0.031668 0.047555 0.021885 33.660585 0.379647 2.382535 18.113154
8.112500 -0.027252 0.043960 0.010142 328.204100 0.389186 -3.129999 2.697480
8.260000 -0.007242 -0.050507 0.029285 188.159815 0.371806 -4.389284 -21.195430
8.407500 0.005882 -0.051019 0.037606 173.423384 0.361144 -0.181047 -36.283705
8.555000 0.020488 -0.052813 0.032091 158.796994 0.361934 5.005562 -35.552954