[HEADER]
  GEAR_NOMINAL_VEL = 1.000000
  SAMPLING_MODE = CARTESIAN
  CRC = 4230818067
[RECORDS]
+0.000000 -1518.572600 -2138.653400 +1244.170800 -69.997600 +0.000000 +90.000000 +22 +50
+0.147500 -1509.285200 -2138.786800 +1247.564900 -69.292300 +11.170900 +90.000000 +22 +50
+0.294900 -1456.915700 -2140.531100 +1265.977000 -68.584600 +12.102500 +90.000000 +22 +50
+0.442400 -1345.766000 -2144.288900 +1304.858600 -67.876300 +10.175200 +90.000000 +22 +50
+0.589800 -1182.051100 -2149.441400 +1361.488300 -67.167000 +5.399700 +90.000000 +22 +50
+0.737300 -985.510500 -2154.756000 +1427.244800 -66.455600 -0.942700 +90.000000 +22 +50
+0.884700 -780.962800 -2158.820100 +1489.786100 -65.740700 -6.743700 +90.000000 +22 +50
+1.032200 -589.513600 -2160.517200 +1535.414100 -65.021100 -10.522700 +90.000000 +22 +50
+1.179700 -421.776700 -2159.129600 +1554.279400 -64.295100 -12.498800 +90.000000 +22 +50
+1.327100 -284.540100 -2154.317900 +1549.144800 -63.559900 -12.857600 +90.000000 +22 +50
+1.474600 -179.687700 -2148.280300 +1521.183200 -62.808300 -11.899200 +90.000000 +22 +50
+1.622000 -103.825300 -2145.214900 +1468.506700 -62.023900 -10.087700 +90.000000 +22 +50
+1.769500 -50.641300 -2149.955300 +1390.537900 -61.179500 -7.988700 +90.000000 +22 +50
+1.916900 -13.343800 -2166.732800 +1292.550400 -60.241700 -6.385400 +90.000000 +22 +50
+2.064400 +12.810500 -2198.286000 +1190.186600 -59.181900 -5.715400 +90.000000 +22 +50
+2.211900 +28.407100 -2245.594100 +1108.669400 -57.987100 -5.380100 +90.000000 +22 +50
+2.359300 +32.992700 -2308.009800 +1063.898900 -56.658200 -4.909000 +90.000000 +22 +50
+2.506800 +28.904600 -2382.328300 +1058.569600 -55.191500 -4.047800 +90.000000 +22 +50
+2.654200 +20.578400 -2463.438300 +1086.561900 -53.551900 -2.788300 +90.000000 +22 +50
+2.801700 +13.379900 -2545.455900 +1136.578000 -51.660900 -1.368400 +90.000000 +22 +50
+2.949200 +12.494800 -2622.762900 +1195.558300 -49.416500 -0.082400 +90.000000 +22 +50
+3.096600 +21.893100 -2690.913900 +1251.958500 -46.739900 +0.843900 +90.000000 +22 +50
+3.244100 +44.174000 -2748.104000 +1296.667300 -43.621400 +1.257000 +90.000000 +22 +50
+3.391500 +80.591000 -2792.644600 +1323.052600 -40.128500 +1.045600 +90.000000 +22 +50
+3.539000 +130.216200 -2819.827300 +1329.740000 -36.373700 +0.358900 +90.000000 +22 +50
+3.686400 +190.720000 -2823.914400 +1319.633700 -32.466900 -0.460900 +90.000000 +22 +50
+3.833900 +259.295400 -2800.441400 +1298.575100 -28.485800 -1.085500 +90.000000 +22 +50
+3.981400 +333.565500 -2748.454700 +1274.048900 -24.472200 -1.338200 +90.000000 +22 +50
+4.128800 +412.465300 -2672.818700 +1253.953100 -20.444000 -1.355900 +90.000000 +22 +50
+4.276300 +496.472500 -2585.306700 +1243.040300 -16.408600 -1.355100 +90.000000 +22 +50
+4.423700 +584.583100 -2495.771000 +1231.789100 -12.373500 -1.271200 +90.000000 +22 +50
+4.571200 +676.873700 -2411.853800 +1215.420600 -8.355200 -0.823300 +90.000000 +22 +50
+4.718600 +775.047100 -2340.811100 +1199.082500 -4.389800 -0.399500 +90.000000 +22 +50
+4.866100 +880.726000 -2288.197500 +1192.128100 -0.544000 -0.723900 +90.000000 +22 +50
+5.013600 +993.777300 -2256.520400 +1202.270300 +3.085700 -1.950300 +90.000000 +22 +50
+5.161000 +1110.723100 -2243.917300 +1229.727800 +6.395100 -3.926900 +90.000000 +22 +50
+5.308500 +1223.345400 -2243.068000 +1261.755200 +9.314000 -5.924700 +90.000000 +22 +50
+5.455900 +1321.413500 -2245.837300 +1280.873400 +11.840400 -6.549200 +90.000000 +22 +50
+5.603400 +1399.607300 -2245.839900 +1282.695100 +14.040300 -5.369800 +90.000000 +22 +50
+5.750800 +1456.707800 -2233.436100 +1269.720100 +16.012400 -2.833400 +90.000000 +22 +50
+5.898300 +1494.454700 -2197.704600 +1248.442300 +17.842100 +0.204000 +90.000000 +22 +50
+6.045800 +1516.547500 -2128.826100 +1227.230000 +19.571300 +2.768800 +90.000000 +22 +50
+6.193200 +1527.686000 -2020.517300 +1214.299800 +21.193800 +4.044700 +90.000000 +22 +50
+6.340700 +1532.712500 -1872.797700 +1215.754000 +22.672000 +3.328300 +90.000000 +22 +50
+6.488100 +1535.785200 -1694.963500 +1233.566800 +23.964100 +0.550700 +90.000000 +22 +50
+6.635600 +1539.683700 -1507.599000 +1264.669400 +25.051500 -3.515700 +90.000000 +22 +50
+6.783100 +1546.219100 -1334.843300 +1305.510600 +25.947500 -7.782900 +90.000000 +22 +50
+6.930500 +1555.733400 -1195.980700 +1348.796500 +26.680500 -11.620200 +90.000000 +22 +50
+7.078000 +1567.239100 -1105.025200 +1383.472300 +27.253200 -14.752700 +90.000000 +22 +50
+7.225400 +1579.027100 -1070.802900 +1397.717300 +27.596400 -16.572900 +90.000000 +22 +50
+7.372900 +1589.134300 -1096.950000 +1382.161800 +27.541400 -16.621400 +90.000000 +22 +50
+7.520300 +1595.716900 -1181.976000 +1332.977900 +26.841600 -14.805600 +90.000000 +22 +50
+7.667800 +1597.533500 -1319.564000 +1254.667100 +25.256300 -11.152800 +90.000000 +22 +50
+7.815300 +1594.529200 -1499.729700 +1161.617900 +22.662600 -6.502900 +90.000000 +22 +50
+7.962700 +1587.719500 -1711.960200 +1067.534900 +19.121000 -2.142500 +90.000000 +22 +50
+8.110200 +1578.929500 -1933.329300 +981.993700 +14.845000 +0.870100 +90.000000 +22 +50
+8.257600 +1570.389000 -2131.134500 +913.359000 +10.100000 +1.338900 +90.000000 +22 +50
+8.405100 +1564.125000 -2275.531800 +866.971400 +5.108600 -1.374200 +90.000000 +22 +50
+8.552500 +1561.339500 -2351.524900 +843.358200 +0.011800 -5.643900 +90.000000 +22 +50
+8.700000 +1561.634000 -2370.323600 +836.462500 -5.117100 -10.000000 +90.000000 +22 +50
[END]


true
stable state found
Calculation time[s] 1091.283798
LimitWaterLVL[m] 0.400000
WaterLVL at time zero[m] -0.061609
Timestep[s] | HighestPointXYZ[m] | AngleToY[°] | Distance[m] | AngleX[°] | AngleY[°]
0.000000 -0.002598 0.002597 -0.063171 0.000000 -0.063171 -0.003089 0.006806
0.147500 0.043838 -0.011389 -0.006074 104.563227 0.389916 -14.104471 0.317539
0.295000 -0.061497 -0.012322 0.031174 258.670010 0.373582 -43.859750 0.878853
0.442500 0.041353 0.021582 0.002741 62.440195 0.383569 -15.508669 0.436048
0.590000 0.014846 -0.010142 0.005118 124.338029 0.391781 -8.434588 -0.369219
0.737500 -0.053120 0.003380 0.021467 273.641224 0.377613 -16.664915 0.307388
0.885000 0.054454 -0.045308 0.017170 129.761558 0.386164 20.196209 -1.294618
1.032500 0.018973 -0.063153 0.006005 163.278252 0.389821 29.642668 -0.876385
1.180000 -0.041106 0.001564 0.024287 272.178937 0.357991 6.551000 -1.160420
1.327500 0.006437 -0.022755 0.002547 164.204502 0.388343 26.465339 -0.426306
1.475000 0.066085 -0.013781 0.027468 101.779167 0.377691 35.608576 0.747709
1.622500 -0.039517 0.023810 0.010549 301.069716 0.377155 4.590171 2.766849
1.770000 -0.044751 -0.020556 -0.003459 245.328180 0.392959 8.766857 3.220944
1.917500 0.061421 -0.020422 0.021287 108.391729 0.382711 23.662162 4.820197
2.065000 -0.050293 -0.003776 0.009110 265.706060 0.383957 -1.939285 4.590113
2.212500 -0.009800 -0.025326 0.001384 201.154151 0.395467 5.982181 2.872516
2.360000 0.064075 -0.018131 0.016096 105.799671 0.387473 20.041291 3.920015
2.507500 -0.049557 0.001296 0.019128 271.498041 0.376564 -9.375050 1.490656
2.655000 0.056689 -0.038723 0.006360 124.336117 0.395286 8.171294 -0.546136
2.802500 0.028728 -0.058329 0.004385 153.778989 0.395716 8.541721 -0.191878
2.950000 -0.051437 -0.008147 0.022980 260.999805 0.376947 -19.738716 -3.467830
3.097500 0.055134 -0.036270 0.006626 123.338990 0.392796 1.392907 -3.864138
3.245000 0.056193 0.009871 0.006128 80.036931 0.392577 5.414952 -1.841238
3.392500 -0.051084 0.000365 0.023683 270.409377 0.377059 -21.619931 -5.466056
3.540000 0.024551 -0.060477 0.006950 157.905013 0.393124 -2.342602 -8.228150
3.687500 0.065867 -0.011526 0.014714 99.925634 0.385637 11.981680 -6.248031
3.835000 -0.050358 -0.002031 0.021321 267.690443 0.377871 -14.775801 -9.245348
3.982500 -0.017958 -0.058134 0.006830 197.166285 0.391800 0.292283 -8.695013
4.130000 0.055882 -0.035072 0.012132 122.112718 0.387986 12.971396 -0.890696
4.277500 -0.045005 -0.019116 0.021461 246.986505 0.377437 -15.295432 -0.772655
4.425000 0.016894 -0.035351 0.003147 154.457185 0.396293 0.607389 -0.452934
4.572500 0.064354 -0.002683 0.015666 92.387351 0.384699 13.889142 6.662692
4.720000 -0.042810 -0.025644 0.018354 239.077593 0.381351 -16.792981 4.843984
4.867500 0.013971 -0.016098 0.002831 139.046209 0.397009 -0.491237 2.851786
5.015000 0.064150 0.024457 0.016721 69.130876 0.384489 13.800988 9.403981
5.162500 -0.029476 -0.040585 0.024251 215.990086 0.371690 -11.840477 1.572803
5.310000 0.057082 -0.042617 0.009095 126.744747 0.385587 14.412286 -1.293964
5.457500 0.066004 0.008588 0.029881 82.586617 0.369742 28.711801 4.553896
5.605000 -0.029760 -0.040815 0.015404 216.097425 0.378820 -3.297254 -4.957416
5.752500 0.052110 -0.044579 0.009310 130.546287 0.388194 6.718203 -10.754909
5.900000 0.053683 0.034257 0.018465 57.456401 0.381403 20.850412 -3.794537
6.047500 -0.047540 -0.016375 0.020601 250.993638 0.379764 -14.538407 -13.603578
6.195000 0.033451 -0.049086 0.015568 145.726345 0.386985 -2.648867 -14.113806
6.342500 0.045125 0.042952 0.019446 46.413292 0.377543 9.448183 -0.786256
6.490000 -0.047108 0.001104 0.019241 271.342510 0.380700 -16.112060 -10.073709
6.637500 0.051464 0.048097 0.010614 46.936917 0.391314 5.349971 1.749186
6.785000 0.070028 0.006161 0.024311 84.972115 0.372076 18.384684 19.901328
6.932500 -0.008706 -0.048490 0.020229 190.178563 0.362490 -3.276618 4.981284
7.080000 0.045288 -0.009848 0.004980 102.268135 0.378054 18.097302 14.802348
7.227500 0.067130 0.030679 0.036242 65.439183 0.354791 29.986092 33.341407
7.375000 -0.004387 -0.051091 0.018840 184.907744 0.350910 6.838816 10.587770
7.522500 -0.013430 -0.047846 0.001106 195.679018 0.373919 15.461216 9.557462
7.670000 0.052084 0.035764 0.034583 55.524171 0.364482 25.171514 29.522106
7.817500 -0.022682 -0.048921 0.006663 204.874583 0.385391 0.840766 1.967035
7.965000 -0.034592 -0.041228 0.004386 219.998043 0.393777 -0.235526 -4.432776
8.112500 0.037378 0.043419 0.017035 40.724086 0.382214 7.550589 9.766100
8.260000 -0.020392 -0.050942 0.026036 201.815991 0.375117 -8.938166 -24.968705
8.407500 0.016082 -0.059562 0.018692 164.890192 0.379917 -0.605964 -19.721893
8.555000 0.029538 0.048552 0.017325 31.315438 0.386301 10.080361 -2.040873