[HEADER]
  GEAR_NOMINAL_VEL = 1.000000
  SAMPLING_MODE = CARTESIAN
  CRC = 4230818067
[RECORDS]
+0.000000 +0.000000 +0.000000 +0.000000 -90.000000 +0.000000 +90.000000 +22 +50
+0.200000 +0.000000 -32.000000 +0.000000 -90.000000 +0.000000 +90.000000 +22 +50
+0.400000 +0.000000 -128.000000 +0.000000 -90.000000 +0.000000 +90.000000 +22 +50
+0.600000 +0.000000 -288.000000 +0.000000 -90.000000 +0.000000 +90.000000 +22 +50
+0.800000 +0.000000 -512.000000 +0.000000 -90.000000 +0.000000 +90.000000 +22 +50
+1.000000 +0.000000 -800.000000 +0.000000 -90.000000 +0.000000 +90.000000 +22 +50
+1.200000 +0.000000 -1152.000000 +0.000000 -90.000000 +0.000000 +90.000000 +22 +50
+1.400000 +0.000000 -1568.000000 +0.000000 -90.000000 +0.000000 +90.000000 +22 +50
+1.600000 +0.000000 -2048.000000 +0.000000 -90.000000 +0.000000 +90.000000 +22 +50
[END]


true
stable state found
Calculation time[s] 137.624760
LimitWaterLVL[m] 0.400000
WaterLVL at time zero[m] -0.061623
Timestep[s] | HighestPointXYZ[m] | AngleToY[°] | Distance[m] | AngleX[°] | AngleY[°]
0.000000 0.002589 -0.063194 0.000000 177.653506 0.400000 -0.058638 -0.008053
0.200000 -0.042506 0.033435 0.007488 308.188027 0.392512 -0.087417 9.727818
0.400000 0.006320 -0.006321 0.047037 0.007453 0.047036 0.052447 9.915627
0.600000 -0.016785 0.042991 0.006983 338.672345 0.393017 -0.024726 7.977208
0.800000 0.001913 0.047103 0.011195 2.325877 0.388805 -0.031210 11.313671
1.000000 0.006319 0.047037 0.007454 7.651952 0.392547 -0.074506 7.067021
1.200000 0.001913 -0.001914 0.047100 0.011196 0.047100 0.010114 12.189848
1.400000 -0.017660 0.045250 0.003692 338.680919 0.396308 -0.195034 6.482151
1.600000 -0.017660 0.045250 0.003692 338.680919 0.396308 -0.087785 6.736279