[HEADER]
  GEAR_NOMINAL_VEL = 1.000000
  SAMPLING_MODE = CARTESIAN
  CRC = 4230818067
[RECORDS]
+0.000000 -1518.572600 -2138.653400 +1244.170800 -69.997600 +0.000000 +90.000000 +22 +50
+0.147500 -1509.285200 -2138.786800 +1247.564900 -69.292300 +11.170900 +90.000000 +22 +50
+0.294900 -1456.915700 -2140.531100 +1265.977000 -68.584600 +12.102500 +90.000000 +22 +50
+0.442400 -1345.766000 -2144.288900 +1304.858600 -67.876300 +10.175200 +90.000000 +22 +50
+0.589800 -1182.051100 -2149.441400 +1361.488300 -67.167000 +5.399700 +90.000000 +22 +50
+0.737300 -985.510500 -2154.756000 +1427.244800 -66.455600 -0.942700 +90.000000 +22 +50
+0.884700 -780.962800 -2158.820100 +1489.786100 -65.740700 -6.743700 +90.000000 +22 +50
+1.032200 -589.513600 -2160.517200 +1535.414100 -65.021100 -10.522700 +90.000000 +22 +50
+1.179700 -421.776700 -2159.129600 +1554.279400 -64.295100 -12.498800 +90.000000 +22 +50
+1.327100 -284.540100 -2154.317900 +1549.144800 -63.559900 -12.857600 +90.000000 +22 +50
+1.474600 -179.687700 -2148.280300 +1521.183200 -62.808300 -11.899200 +90.000000 +22 +50
+1.622000 -103.825300 -2145.214900 +1468.506700 -62.023900 -10.087700 +90.000000 +22 +50
+1.769500 -50.641300 -2149.955300 +1390.537900 -61.179500 -7.988700 +90.000000 +22 +50
+1.916900 -13.343800 -2166.732800 +1292.550400 -60.241700 -6.385400 +90.000000 +22 +50
+2.064400 +12.810500 -2198.286000 +1190.186600 -59.181900 -5.715400 +90.000000 +22 +50
+2.211900 +28.407100 -2245.594100 +1108.669400 -57.987100 -5.380100 +90.000000 +22 +50
+2.359300 +32.992700 -2308.009800 +1063.898900 -56.658200 -4.909000 +90.000000 +22 +50
+2.506800 +28.904600 -2382.328300 +1058.569600 -55.191500 -4.047800 +90.000000 +22 +50
+2.654200 +20.578400 -2463.438300 +1086.561900 -53.551900 -2.788300 +90.000000 +22 +50
+2.801700 +13.379900 -2545.455900 +1136.578000 -51.660900 -1.368400 +90.000000 +22 +50
+2.949200 +12.494800 -2622.762900 +1195.558300 -49.416500 -0.082400 +90.000000 +22 +50
+3.096600 +21.893100 -2690.913900 +1251.958500 -46.739900 +0.843900 +90.000000 +22 +50
+3.244100 +44.174000 -2748.104000 +1296.667300 -43.621400 +1.257000 +90.000000 +22 +50
+3.391500 +80.591000 -2792.644600 +1323.052600 -40.128500 +1.045600 +90.000000 +22 +50
+3.539000 +130.216200 -2819.827300 +1329.740000 -36.373700 +0.358900 +90.000000 +22 +50
+3.686400 +190.720000 -2823.914400 +1319.633700 -32.466900 -0.460900 +90.000000 +22 +50
+3.833900 +259.295400 -2800.441400 +1298.575100 -28.485800 -1.085500 +90.000000 +22 +50
+3.981400 +333.565500 -2748.454700 +1274.048900 -24.472200 -1.338200 +90.000000 +22 +50
+4.128800 +412.465300 -2672.818700 +1253.953100 -20.444000 -1.355900 +90.000000 +22 +50
+4.276300 +496.472500 -2585.306700 +1243.040300 -16.408600 -1.355100 +90.000000 +22 +50
+4.423700 +584.583100 -2495.771000 +1231.789100 -12.373500 -1.271200 +90.000000 +22 +50
+4.571200 +676.873700 -2411.853800 +1215.420600 -8.355200 -0.823300 +90.000000 +22 +50
+4.718600 +775.047100 -2340.811100 +1199.082500 -4.389800 -0.399500 +90.000000 +22 +50
+4.866100 +880.726000 -2288.197500 +1192.128100 -0.544000 -0.723900 +90.000000 +22 +50
+5.013600 +993.777300 -2256.520400 +1202.270300 +3.085700 -1.950300 +90.000000 +22 +50
+5.161000 +1110.723100 -2243.917300 +1229.727800 +6.395100 -3.926900 +90.000000 +22 +50
+5.308500 +1223.345400 -2243.068000 +1261.755200 +9.314000 -5.924700 +90.000000 +22 +50
+5.455900 +1321.413500 -2245.837300 +1280.873400 +11.840400 -6.549200 +90.000000 +22 +50
+5.603400 +1399.607300 -2245.839900 +1282.695100 +14.040300 -5.369800 +90.000000 +22 +50
+5.750800 +1456.707800 -2233.436100 +1269.720100 +16.012400 -2.833400 +90.000000 +22 +50
+5.898300 +1494.454700 -2197.704600 +1248.442300 +17.842100 +0.204000 +90.000000 +22 +50
+6.045800 +1516.547500 -2128.826100 +1227.230000 +19.571300 +2.768800 +90.000000 +22 +50
+6.193200 +1527.686000 -2020.517300 +1214.299800 +21.193800 +4.044700 +90.000000 +22 +50
+6.340700 +1532.712500 -1872.797700 +1215.754000 +22.672000 +3.328300 +90.000000 +22 +50
+6.488100 +1535.785200 -1694.963500 +1233.566800 +23.964100 +0.550700 +90.000000 +22 +50
+6.635600 +1539.683700 -1507.599000 +1264.669400 +25.051500 -3.515700 +90.000000 +22 +50
+6.783100 +1546.219100 -1334.843300 +1305.510600 +25.947500 -7.782900 +90.000000 +22 +50
+6.930500 +1555.733400 -1195.980700 +1348.796500 +26.680500 -11.620200 +90.000000 +22 +50
+7.078000 +1567.239100 -1105.025200 +1383.472300 +27.253200 -14.752700 +90.000000 +22 +50
+7.225400 +1579.027100 -1070.802900 +1397.717300 +27.596400 -16.572900 +90.000000 +22 +50
+7.372900 +1589.134300 -1096.950000 +1382.161800 +27.541400 -16.621400 +90.000000 +22 +50
+7.520300 +1595.716900 -1181.976000 +1332.977900 +26.841600 -14.805600 +90.000000 +22 +50
+7.667800 +1597.533500 -1319.564000 +1254.667100 +25.256300 -11.152800 +90.000000 +22 +50
+7.815300 +1594.529200 -1499.729700 +1161.617900 +22.662600 -6.502900 +90.000000 +22 +50
+7.962700 +1587.719500 -1711.960200 +1067.534900 +19.121000 -2.142500 +90.000000 +22 +50
+8.110200 +1578.929500 -1933.329300 +981.993700 +14.845000 +0.870100 +90.000000 +22 +50
+8.257600 +1570.389000 -2131.134500 +913.359000 +10.100000 +1.338900 +90.000000 +22 +50
+8.405100 +1564.125000 -2275.531800 +866.971400 +5.108600 -1.374200 +90.000000 +22 +50
+8.552500 +1561.339500 -2351.524900 +843.358200 +0.011800 -5.643900 +90.000000 +22 +50
+8.700000 +1561.634000 -2370.323600 +836.462500 -5.117100 -10.000000 +90.000000 +22 +50
[END]


true
stable state found
Calculation time[s] 484.275590
LimitWaterLVL[m] 0.400000
WaterLVL at time zero[m] -0.068387
Timestep[s] | HighestPointXYZ[m] | AngleToY[°] | Distance[m] | AngleX[°] | AngleY[°]
0.000000 0.060993 0.060993 -0.060993 0.019634 -0.060993 -0.000026 -0.000008
0.147500 0.025987 0.009012 -0.001317 70.873743 0.388658 -17.745807 0.096061
0.295000 -0.063976 0.002434 0.041563 272.178452 0.363867 -42.016027 1.788729
0.442500 -0.056030 0.008756 0.050333 278.881500 0.354002 -52.854555 2.654166
0.590000 -0.059707 0.000993 0.039541 270.952446 0.364467 -39.266458 0.028894
0.737500 -0.063539 -0.008429 0.022426 262.443694 0.376471 -15.337539 -0.602369
0.885000 -0.060580 -0.009414 0.008376 261.167010 0.381738 9.869725 -1.801428
1.032500 0.062885 -0.030359 0.028454 115.769567 0.376258 30.413676 -3.426168
1.180000 0.057254 -0.012929 0.050902 102.725382 0.352876 47.114852 -7.158256
1.327500 0.050847 -0.004918 0.063126 95.524216 0.339548 56.072391 -12.286423
1.475000 0.053805 -0.003036 0.061185 93.229546 0.342463 53.823167 -3.336649
1.622500 0.065103 -0.002668 0.044224 92.347089 0.361504 38.359896 4.182490
1.770000 0.069259 0.005565 0.035725 85.405957 0.370370 25.348431 10.162402
1.917500 0.054861 0.037122 0.025137 55.915184 0.379250 18.426881 17.223003
2.065000 0.025737 0.049969 0.023063 27.251280 0.378515 14.753266 22.999642
2.212500 0.033000 0.051099 0.021982 32.854636 0.380376 14.202041 20.350347
2.360000 0.010825 0.051328 0.014616 11.909078 0.385885 14.314101 8.144999
2.507500 0.039013 0.049868 0.011395 38.036973 0.391198 10.999175 1.556459
2.655000 0.013309 0.051338 0.006006 14.533564 0.394856 5.122009 2.605553
2.802500 -0.051442 -0.022062 0.003983 246.786893 0.394572 -1.715450 2.826612
2.950000 -0.059017 -0.027285 0.012409 245.187747 0.387497 -9.098317 -3.062006
3.097500 -0.050736 -0.035784 0.026330 234.804759 0.374524 -16.538716 -13.087047
3.245000 -0.037567 -0.038418 0.036449 224.358338 0.364576 -22.328893 -20.479549
3.392500 -0.032194 -0.037723 0.046582 220.478489 0.354211 -26.392840 -27.184017
3.540000 -0.030819 -0.031820 0.057634 224.084465 0.342630 -27.322504 -37.312099
3.687500 -0.020523 -0.043630 0.060533 205.191700 0.339112 -20.407955 -40.029955
3.835000 -0.011928 -0.047181 0.056973 194.187869 0.342204 -5.624307 -32.305537
3.982500 -0.029638 -0.047473 0.033013 211.977059 0.365611 3.979479 -23.161252
4.130000 -0.021958 -0.059657 0.022597 200.207188 0.375886 3.131268 -13.768987
4.277500 0.014675 -0.056333 0.012447 165.398712 0.386578 -3.138920 -4.886516
4.425000 -0.023396 -0.062232 0.011600 200.603654 0.386860 -7.326277 0.108905
4.572500 -0.019316 -0.063941 0.011833 196.809094 0.387186 -9.129394 5.224810
4.720000 -0.001240 0.058323 0.017561 358.782023 0.382796 -10.314436 12.068766
4.867500 0.002891 0.061887 0.027004 2.674602 0.373711 -9.266621 18.420627
5.015000 -0.000150 0.061925 0.025375 359.861214 0.376423 -3.310352 20.225615
5.162500 0.006654 0.065540 0.022275 5.797162 0.381308 4.549205 17.939416
5.310000 0.039502 0.056914 0.017934 34.763104 0.386554 14.967483 13.536097
5.457500 0.055414 0.023305 0.025355 67.190599 0.375728 29.623711 8.664249
5.605000 0.046460 -0.026596 0.035624 119.788955 0.360753 41.441928 2.928940
5.752500 0.041600 -0.031043 0.043885 126.731255 0.354292 42.560278 -6.782640
5.900000 0.038153 -0.034838 0.038592 132.399856 0.361524 24.820198 -18.476614
6.047500 -0.014250 -0.058888 0.029207 193.603278 0.373210 -2.129987 -22.466232
6.195000 -0.004849 -0.055118 0.035862 185.027646 0.367111 -8.430250 -26.579250
6.342500 -0.002965 -0.054253 0.037358 183.128180 0.365168 1.421899 -28.871222
6.490000 -0.000158 -0.058870 0.029239 180.153775 0.371308 7.366097 -25.368421
6.637500 0.037004 -0.053639 0.020357 145.399325 0.375452 6.049727 -10.301242
6.785000 0.041908 -0.053431 0.017831 141.891538 0.370864 8.352431 8.392539
6.932500 0.003164 0.049696 0.042857 3.642939 0.359691 17.305227 25.101396
7.080000 0.007808 0.049422 0.057116 8.977746 0.343814 32.843229 36.267031
7.227500 0.011680 0.047879 0.067676 13.709440 0.331615 42.703832 42.776714
7.375000 0.024403 0.035737 0.073447 34.327204 0.322127 47.131594 48.717152
7.522500 0.031470 0.034537 0.073763 42.339678 0.323210 47.571076 52.062825
7.670000 0.032714 0.032922 0.071605 44.818431 0.327955 41.673026 51.611303
7.817500 0.025668 0.039284 0.065823 33.160432 0.336336 24.065437 44.420019
7.965000 -0.002922 0.052451 0.067188 356.811397 0.334538 7.890849 32.255472
8.112500 0.001388 0.058102 0.062714 1.368480 0.336367 -1.853875 13.140221
8.260000 0.014468 0.056965 0.062577 14.250717 0.335962 -0.840155 -10.149093
8.407500 0.018902 0.055735 0.061764 18.734039 0.339547 5.064107 -23.341964
8.555000 0.024368 0.054830 0.064013 23.961713 0.340245 8.860358 -22.154970