[HEADER]
  GEAR_NOMINAL_VEL = 1.000000
  SAMPLING_MODE = CARTESIAN
  CRC = 4230818067
[RECORDS]
+0.000000 -1518.572600 -2138.653400 +1244.170800 -69.997600 +0.000000 +90.000000 +22 +50
+0.147500 -1509.285200 -2138.786800 +1247.564900 -69.292300 +11.170900 +90.000000 +22 +50
+0.294900 -1456.915700 -2140.531100 +1265.977000 -68.584600 +12.102500 +90.000000 +22 +50
+0.442400 -1345.766000 -2144.288900 +1304.858600 -67.876300 +10.175200 +90.000000 +22 +50
+0.589800 -1182.051100 -2149.441400 +1361.488300 -67.167000 +5.399700 +90.000000 +22 +50
+0.737300 -985.510500 -2154.756000 +1427.244800 -66.455600 -0.942700 +90.000000 +22 +50
+0.884700 -780.962800 -2158.820100 +1489.786100 -65.740700 -6.743700 +90.000000 +22 +50
+1.032200 -589.513600 -2160.517200 +1535.414100 -65.021100 -10.522700 +90.000000 +22 +50
+1.179700 -421.776700 -2159.129600 +1554.279400 -64.295100 -12.498800 +90.000000 +22 +50
+1.327100 -284.540100 -2154.317900 +1549.144800 -63.559900 -12.857600 +90.000000 +22 +50
+1.474600 -179.687700 -2148.280300 +1521.183200 -62.808300 -11.899200 +90.000000 +22 +50
+1.622000 -103.825300 -2145.214900 +1468.506700 -62.023900 -10.087700 +90.000000 +22 +50
+1.769500 -50.641300 -2149.955300 +1390.537900 -61.179500 -7.988700 +90.000000 +22 +50
+1.916900 -13.343800 -2166.732800 +1292.550400 -60.241700 -6.385400 +90.000000 +22 +50
+2.064400 +12.810500 -2198.286000 +1190.186600 -59.181900 -5.715400 +90.000000 +22 +50
+2.211900 +28.407100 -2245.594100 +1108.669400 -57.987100 -5.380100 +90.000000 +22 +50
+2.359300 +32.992700 -2308.009800 +1063.898900 -56.658200 -4.909000 +90.000000 +22 +50
+2.506800 +28.904600 -2382.328300 +1058.569600 -55.191500 -4.047800 +90.000000 +22 +50
+2.654200 +20.578400 -2463.438300 +1086.561900 -53.551900 -2.788300 +90.000000 +22 +50
+2.801700 +13.379900 -2545.455900 +1136.578000 -51.660900 -1.368400 +90.000000 +22 +50
+2.949200 +12.494800 -2622.762900 +1195.558300 -49.416500 -0.082400 +90.000000 +22 +50
+3.096600 +21.893100 -2690.913900 +1251.958500 -46.739900 +0.843900 +90.000000 +22 +50
+3.244100 +44.174000 -2748.104000 +1296.667300 -43.621400 +1.257000 +90.000000 +22 +50
+3.391500 +80.591000 -2792.644600 +1323.052600 -40.128500 +1.045600 +90.000000 +22 +50
+3.539000 +130.216200 -2819.827300 +1329.740000 -36.373700 +0.358900 +90.000000 +22 +50
+3.686400 +190.720000 -2823.914400 +1319.633700 -32.466900 -0.460900 +90.000000 +22 +50
+3.833900 +259.295400 -2800.441400 +1298.575100 -28.485800 -1.085500 +90.000000 +22 +50
+3.981400 +333.565500 -2748.454700 +1274.048900 -24.472200 -1.338200 +90.000000 +22 +50
+4.128800 +412.465300 -2672.818700 +1253.953100 -20.444000 -1.355900 +90.000000 +22 +50
+4.276300 +496.472500 -2585.306700 +1243.040300 -16.408600 -1.355100 +90.000000 +22 +50
+4.423700 +584.583100 -2495.771000 +1231.789100 -12.373500 -1.271200 +90.000000 +22 +50
+4.571200 +676.873700 -2411.853800 +1215.420600 -8.355200 -0.823300 +90.000000 +22 +50
+4.718600 +775.047100 -2340.811100 +1199.082500 -4.389800 -0.399500 +90.000000 +22 +50
+4.866100 +880.726000 -2288.197500 +1192.128100 -0.544000 -0.723900 +90.000000 +22 +50
+5.013600 +993.777300 -2256.520400 +1202.270300 +3.085700 -1.950300 +90.000000 +22 +50
+5.161000 +1110.723100 -2243.917300 +1229.727800 +6.395100 -3.926900 +90.000000 +22 +50
+5.308500 +1223.345400 -2243.068000 +1261.755200 +9.314000 -5.924700 +90.000000 +22 +50
+5.455900 +1321.413500 -2245.837300 +1280.873400 +11.840400 -6.549200 +90.000000 +22 +50
+5.603400 +1399.607300 -2245.839900 +1282.695100 +14.040300 -5.369800 +90.000000 +22 +50
+5.750800 +1456.707800 -2233.436100 +1269.720100 +16.012400 -2.833400 +90.000000 +22 +50
+5.898300 +1494.454700 -2197.704600 +1248.442300 +17.842100 +0.204000 +90.000000 +22 +50
+6.045800 +1516.547500 -2128.826100 +1227.230000 +19.571300 +2.768800 +90.000000 +22 +50
+6.193200 +1527.686000 -2020.517300 +1214.299800 +21.193800 +4.044700 +90.000000 +22 +50
+6.340700 +1532.712500 -1872.797700 +1215.754000 +22.672000 +3.328300 +90.000000 +22 +50
+6.488100 +1535.785200 -1694.963500 +1233.566800 +23.964100 +0.550700 +90.000000 +22 +50
+6.635600 +1539.683700 -1507.599000 +1264.669400 +25.051500 -3.515700 +90.000000 +22 +50
+6.783100 +1546.219100 -1334.843300 +1305.510600 +25.947500 -7.782900 +90.000000 +22 +50
+6.930500 +1555.733400 -1195.980700 +1348.796500 +26.680500 -11.620200 +90.000000 +22 +50
+7.078000 +1567.239100 -1105.025200 +1383.472300 +27.253200 -14.752700 +90.000000 +22 +50
+7.225400 +1579.027100 -1070.802900 +1397.717300 +27.596400 -16.572900 +90.000000 +22 +50
+7.372900 +1589.134300 -1096.950000 +1382.161800 +27.541400 -16.621400 +90.000000 +22 +50
+7.520300 +1595.716900 -1181.976000 +1332.977900 +26.841600 -14.805600 +90.000000 +22 +50
+7.667800 +1597.533500 -1319.564000 +1254.667100 +25.256300 -11.152800 +90.000000 +22 +50
+7.815300 +1594.529200 -1499.729700 +1161.617900 +22.662600 -6.502900 +90.000000 +22 +50
+7.962700 +1587.719500 -1711.960200 +1067.534900 +19.121000 -2.142500 +90.000000 +22 +50
+8.110200 +1578.929500 -1933.329300 +981.993700 +14.845000 +0.870100 +90.000000 +22 +50
+8.257600 +1570.389000 -2131.134500 +913.359000 +10.100000 +1.338900 +90.000000 +22 +50
+8.405100 +1564.125000 -2275.531800 +866.971400 +5.108600 -1.374200 +90.000000 +22 +50
+8.552500 +1561.339500 -2351.524900 +843.358200 +0.011800 -5.643900 +90.000000 +22 +50
+8.700000 +1561.634000 -2370.323600 +836.462500 -5.117100 -10.000000 +90.000000 +22 +50
[END]


true
stable state found
Calculation time[s] 1034.650470
LimitWaterLVL[m] 0.400000
WaterLVL at time zero[m] -0.068387
Timestep[s] | HighestPointXYZ[m] | AngleToY[°] | Distance[m] | AngleX[°] | AngleY[°]
0.000000 0.060993 0.060993 -0.060993 0.019634 -0.060993 -0.000026 -0.000008
0.147500 0.010639 0.027894 -0.001860 20.878183 0.392118 -20.419245 0.109225
0.295000 -0.074043 0.003259 0.034657 272.520547 0.372725 -37.831362 1.088161
0.442500 -0.067112 0.001839 0.040384 271.570007 0.365796 -41.500315 1.243912
0.590000 -0.068605 0.009959 0.028078 278.259363 0.376674 -28.504115 0.109739
0.737500 -0.063296 -0.008367 0.014906 262.469640 0.383994 -10.450508 -0.404617
0.885000 -0.052772 -0.026242 0.005583 243.559899 0.385280 5.871210 -1.474448
1.032500 -0.044057 -0.033174 0.001167 233.020602 0.383585 22.881371 -3.424091
1.180000 0.068354 -0.006069 0.042882 95.073694 0.363244 38.962999 -5.455954
1.327500 0.052707 -0.004568 0.055165 94.953106 0.347730 48.350629 -6.599470
1.475000 0.059105 -0.018242 0.048499 107.152436 0.355568 47.072496 -2.435754
1.622500 0.065033 -0.010917 0.042529 99.529486 0.362960 41.981937 2.116159
1.770000 0.064789 0.013389 0.037301 78.324192 0.368362 35.523748 7.553162
1.917500 0.058531 0.030011 0.031117 62.854029 0.373576 28.788711 13.089410
2.065000 0.048257 0.043760 0.025624 47.797834 0.378053 21.224101 15.262631
2.212500 0.033310 0.051089 0.018404 33.104328 0.383967 14.307015 11.366109
2.360000 0.055185 0.040967 0.016477 53.411376 0.387520 10.446194 7.375745
2.507500 0.053423 0.041878 0.014038 51.907295 0.389401 8.125651 6.220838
2.655000 0.066789 -0.010690 0.012009 99.093422 0.390501 5.579370 4.926800
2.802500 0.065488 -0.008380 0.008723 97.292075 0.392587 1.156817 1.407549
2.950000 -0.030297 -0.034467 0.007087 221.315946 0.392854 -4.555251 -4.011080
3.097500 -0.054956 -0.028240 0.018910 242.802926 0.381956 -11.119109 -10.111491
3.245000 -0.053807 -0.031201 0.028579 239.891893 0.372693 -16.493186 -14.322717
3.392500 -0.050884 -0.034027 0.031400 236.228677 0.369653 -18.630313 -16.521747
3.540000 -0.042319 -0.042699 0.032136 224.743910 0.368225 -16.804186 -19.643818
3.687500 -0.038683 -0.045319 0.031449 220.483122 0.368070 -11.372387 -22.557041
3.835000 -0.013138 -0.055597 0.031385 193.295536 0.367664 -4.799834 -25.779307
3.982500 -0.008998 -0.056271 0.031422 189.084955 0.367393 -0.786739 -27.010207
4.130000 -0.013158 -0.058848 0.026372 192.603629 0.372261 -1.575590 -21.799469
4.277500 -0.002265 -0.063913 0.019192 182.029644 0.379454 -3.631974 -12.091167
4.425000 0.010934 -0.060259 0.014069 169.715571 0.384837 -4.264891 -4.712127
4.572500 0.027274 -0.050281 0.012479 151.523200 0.387031 -4.961573 1.327272
4.720000 -0.015080 -0.065333 0.012048 192.997243 0.387484 -6.261944 6.914880
4.867500 -0.012189 0.056943 0.017483 347.917736 0.383106 -5.935310 10.831433
5.015000 0.000280 0.061864 0.019785 0.259324 0.382012 -3.765541 14.040770
5.162500 -0.001776 0.065614 0.019675 358.449533 0.383771 2.394203 14.346733
5.310000 0.023822 -0.062655 0.010924 159.182742 0.381099 11.250596 11.727131
5.457500 0.045134 -0.044715 0.011682 134.732810 0.381467 20.646551 7.391839
5.605000 0.047830 -0.013460 0.019844 105.717310 0.377700 27.508128 2.655829
5.752500 0.042110 -0.038613 0.024911 132.519441 0.372871 27.243750 -3.687283
5.900000 0.029693 -0.045378 0.031593 146.801354 0.368563 20.992150 -12.461511
6.047500 0.009810 -0.058554 0.029558 170.489066 0.372834 6.477778 -17.946576
6.195000 0.010631 -0.058409 0.026191 169.684588 0.377012 -2.510419 -18.657603
6.342500 -0.003755 -0.062591 0.025284 183.433211 0.377704 -2.003953 -18.247146
6.490000 -0.000248 -0.062762 0.023724 180.226399 0.376860 1.980107 -16.986710
6.637500 0.047644 -0.040516 0.019112 130.377520 0.377439 6.645203 -10.669704
6.785000 0.041908 -0.053431 0.017831 141.891538 0.370864 12.287684 2.305501
6.932500 0.030984 -0.063403 0.017985 153.956003 0.360775 19.340834 16.560173
7.080000 0.049178 -0.053761 0.021632 137.549211 0.350734 26.978932 26.441334
7.227500 0.014290 0.047569 0.057342 16.720569 0.341334 33.902484 32.712303
7.375000 0.007003 0.051757 0.059522 7.705630 0.340666 34.094857 32.703712
7.522500 0.006730 0.050733 0.060912 7.556469 0.340497 32.100464 33.521957
7.670000 0.000244 0.054687 0.060524 0.255638 0.343594 26.326827 32.972956
7.817500 0.002108 0.053906 0.058844 2.239417 0.345048 14.534117 27.686394
7.965000 0.005098 0.052735 0.057002 5.521741 0.344733 5.119837 23.312389
8.112500 0.001888 0.052541 0.055403 2.057972 0.343760 -0.380112 13.298469
8.260000 -0.001082 0.048860 0.052724 358.731408 0.346061 -2.267452 -5.126585
8.407500 0.022412 0.044245 0.050398 26.864128 0.350665 2.942231 -21.892546
8.555000 0.002308 -0.053904 0.040471 177.548272 0.352882 8.606396 -23.914825