[HEADER]
  GEAR_NOMINAL_VEL = 1.000000
  SAMPLING_MODE = CARTESIAN
  CRC = 4230818067
[RECORDS]
+0.000000 -1518.572600 -2138.653400 +1244.170800 -69.997600 +0.000000 +90.000000 +22 +50
+0.147500 -1509.285200 -2138.786800 +1247.564900 -69.292300 +11.170900 +90.000000 +22 +50
+0.294900 -1456.915700 -2140.531100 +1265.977000 -68.584600 +12.102500 +90.000000 +22 +50
+0.442400 -1345.766000 -2144.288900 +1304.858600 -67.876300 +10.175200 +90.000000 +22 +50
+0.589800 -1182.051100 -2149.441400 +1361.488300 -67.167000 +5.399700 +90.000000 +22 +50
+0.737300 -985.510500 -2154.756000 +1427.244800 -66.455600 -0.942700 +90.000000 +22 +50
+0.884700 -780.962800 -2158.820100 +1489.786100 -65.740700 -6.743700 +90.000000 +22 +50
+1.032200 -589.513600 -2160.517200 +1535.414100 -65.021100 -10.522700 +90.000000 +22 +50
+1.179700 -421.776700 -2159.129600 +1554.279400 -64.295100 -12.498800 +90.000000 +22 +50
+1.327100 -284.540100 -2154.317900 +1549.144800 -63.559900 -12.857600 +90.000000 +22 +50
+1.474600 -179.687700 -2148.280300 +1521.183200 -62.808300 -11.899200 +90.000000 +22 +50
+1.622000 -103.825300 -2145.214900 +1468.506700 -62.023900 -10.087700 +90.000000 +22 +50
+1.769500 -50.641300 -2149.955300 +1390.537900 -61.179500 -7.988700 +90.000000 +22 +50
+1.916900 -13.343800 -2166.732800 +1292.550400 -60.241700 -6.385400 +90.000000 +22 +50
+2.064400 +12.810500 -2198.286000 +1190.186600 -59.181900 -5.715400 +90.000000 +22 +50
+2.211900 +28.407100 -2245.594100 +1108.669400 -57.987100 -5.380100 +90.000000 +22 +50
+2.359300 +32.992700 -2308.009800 +1063.898900 -56.658200 -4.909000 +90.000000 +22 +50
+2.506800 +28.904600 -2382.328300 +1058.569600 -55.191500 -4.047800 +90.000000 +22 +50
+2.654200 +20.578400 -2463.438300 +1086.561900 -53.551900 -2.788300 +90.000000 +22 +50
+2.801700 +13.379900 -2545.455900 +1136.578000 -51.660900 -1.368400 +90.000000 +22 +50
+2.949200 +12.494800 -2622.762900 +1195.558300 -49.416500 -0.082400 +90.000000 +22 +50
+3.096600 +21.893100 -2690.913900 +1251.958500 -46.739900 +0.843900 +90.000000 +22 +50
+3.244100 +44.174000 -2748.104000 +1296.667300 -43.621400 +1.257000 +90.000000 +22 +50
+3.391500 +80.591000 -2792.644600 +1323.052600 -40.128500 +1.045600 +90.000000 +22 +50
+3.539000 +130.216200 -2819.827300 +1329.740000 -36.373700 +0.358900 +90.000000 +22 +50
+3.686400 +190.720000 -2823.914400 +1319.633700 -32.466900 -0.460900 +90.000000 +22 +50
+3.833900 +259.295400 -2800.441400 +1298.575100 -28.485800 -1.085500 +90.000000 +22 +50
+3.981400 +333.565500 -2748.454700 +1274.048900 -24.472200 -1.338200 +90.000000 +22 +50
+4.128800 +412.465300 -2672.818700 +1253.953100 -20.444000 -1.355900 +90.000000 +22 +50
+4.276300 +496.472500 -2585.306700 +1243.040300 -16.408600 -1.355100 +90.000000 +22 +50
+4.423700 +584.583100 -2495.771000 +1231.789100 -12.373500 -1.271200 +90.000000 +22 +50
+4.571200 +676.873700 -2411.853800 +1215.420600 -8.355200 -0.823300 +90.000000 +22 +50
+4.718600 +775.047100 -2340.811100 +1199.082500 -4.389800 -0.399500 +90.000000 +22 +50
+4.866100 +880.726000 -2288.197500 +1192.128100 -0.544000 -0.723900 +90.000000 +22 +50
+5.013600 +993.777300 -2256.520400 +1202.270300 +3.085700 -1.950300 +90.000000 +22 +50
+5.161000 +1110.723100 -2243.917300 +1229.727800 +6.395100 -3.926900 +90.000000 +22 +50
+5.308500 +1223.345400 -2243.068000 +1261.755200 +9.314000 -5.924700 +90.000000 +22 +50
+5.455900 +1321.413500 -2245.837300 +1280.873400 +11.840400 -6.549200 +90.000000 +22 +50
+5.603400 +1399.607300 -2245.839900 +1282.695100 +14.040300 -5.369800 +90.000000 +22 +50
+5.750800 +1456.707800 -2233.436100 +1269.720100 +16.012400 -2.833400 +90.000000 +22 +50
+5.898300 +1494.454700 -2197.704600 +1248.442300 +17.842100 +0.204000 +90.000000 +22 +50
+6.045800 +1516.547500 -2128.826100 +1227.230000 +19.571300 +2.768800 +90.000000 +22 +50
+6.193200 +1527.686000 -2020.517300 +1214.299800 +21.193800 +4.044700 +90.000000 +22 +50
+6.340700 +1532.712500 -1872.797700 +1215.754000 +22.672000 +3.328300 +90.000000 +22 +50
+6.488100 +1535.785200 -1694.963500 +1233.566800 +23.964100 +0.550700 +90.000000 +22 +50
+6.635600 +1539.683700 -1507.599000 +1264.669400 +25.051500 -3.515700 +90.000000 +22 +50
+6.783100 +1546.219100 -1334.843300 +1305.510600 +25.947500 -7.782900 +90.000000 +22 +50
+6.930500 +1555.733400 -1195.980700 +1348.796500 +26.680500 -11.620200 +90.000000 +22 +50
+7.078000 +1567.239100 -1105.025200 +1383.472300 +27.253200 -14.752700 +90.000000 +22 +50
+7.225400 +1579.027100 -1070.802900 +1397.717300 +27.596400 -16.572900 +90.000000 +22 +50
+7.372900 +1589.134300 -1096.950000 +1382.161800 +27.541400 -16.621400 +90.000000 +22 +50
+7.520300 +1595.716900 -1181.976000 +1332.977900 +26.841600 -14.805600 +90.000000 +22 +50
+7.667800 +1597.533500 -1319.564000 +1254.667100 +25.256300 -11.152800 +90.000000 +22 +50
+7.815300 +1594.529200 -1499.729700 +1161.617900 +22.662600 -6.502900 +90.000000 +22 +50
+7.962700 +1587.719500 -1711.960200 +1067.534900 +19.121000 -2.142500 +90.000000 +22 +50
+8.110200 +1578.929500 -1933.329300 +981.993700 +14.845000 +0.870100 +90.000000 +22 +50
+8.257600 +1570.389000 -2131.134500 +913.359000 +10.100000 +1.338900 +90.000000 +22 +50
+8.405100 +1564.125000 -2275.531800 +866.971400 +5.108600 -1.374200 +90.000000 +22 +50
+8.552500 +1561.339500 -2351.524900 +843.358200 +0.011800 -5.643900 +90.000000 +22 +50
+8.700000 +1561.634000 -2370.323600 +836.462500 -5.117100 -10.000000 +90.000000 +22 +50
[END]


true
stable state found
Calculation time[s] 444.520024
LimitWaterLVL[m] 0.400000
WaterLVL at time zero[m] -0.068387
Timestep[s] | HighestPointXYZ[m] | AngleToY[°] | Distance[m] | AngleX[°] | AngleY[°]
0.000000 0.060993 0.060993 -0.060993 0.019634 -0.060993 -0.000026 -0.000008
0.147500 0.027142 0.021698 -0.001549 51.359453 0.388632 -15.985313 0.086412
0.295000 -0.073719 0.002887 0.036499 272.242569 0.370858 -39.035629 1.624893
0.442500 -0.067112 0.001839 0.040384 271.570007 0.365796 -49.102146 1.143353
0.590000 -0.060526 0.032158 0.021400 297.981957 0.382459 -22.474410 -0.625092
0.737500 0.062092 -0.000356 0.016998 90.328774 0.383970 5.113933 -0.243249
0.885000 0.021385 -0.029523 0.007260 144.082657 0.392270 17.610389 -0.296470
1.032500 0.013067 -0.046781 0.004974 164.393613 0.390019 20.937604 -2.023970
1.180000 -0.047086 -0.019044 -0.007117 247.978537 0.386919 23.813498 -2.049135
1.327500 0.061657 -0.025635 0.015529 112.575655 0.387825 28.564982 -1.797865
1.475000 0.069315 -0.021236 0.023506 107.033163 0.382036 35.035698 -0.498308
1.622500 0.071833 0.013373 0.029501 79.453985 0.377557 36.335058 4.266169
1.770000 0.071339 0.022404 0.023190 72.565259 0.383428 27.725375 9.911890
1.917500 0.045521 0.047129 0.014757 44.005695 0.388731 14.512656 12.344859
2.065000 -0.055173 0.000665 0.002225 270.690449 0.390413 5.041007 7.882304
2.212500 -0.059170 -0.001136 -0.001192 268.900118 0.393976 5.152739 2.864331
2.360000 0.046495 0.026443 0.006870 60.371906 0.396082 10.950547 5.307674
2.507500 0.053463 0.041326 0.010570 52.296580 0.392853 10.956423 6.353467
2.655000 -0.050111 -0.020228 -0.000837 248.017850 0.397746 3.554981 0.868114
2.802500 -0.050822 -0.039853 0.007610 231.897583 0.390827 -4.050224 -3.588793
2.950000 -0.062447 -0.027734 0.008916 246.053007 0.390986 -7.798317 -4.780792
3.097500 -0.043456 -0.049175 0.009567 221.467066 0.391265 -8.488050 -6.541152
3.245000 -0.055477 -0.040957 0.013696 233.562664 0.387700 -10.304944 -9.365594
3.392500 -0.061814 -0.030364 0.015296 243.839010 0.385895 -12.101849 -10.366305
3.540000 -0.051589 -0.039778 0.018092 232.365770 0.382308 -11.530008 -14.759953
3.687500 -0.027883 -0.058504 0.019317 205.482464 0.380206 -5.822721 -17.698280
3.835000 -0.016098 -0.061986 0.017122 194.558319 0.381803 0.217572 -15.959845
3.982500 -0.011278 -0.062940 0.013618 190.158821 0.385043 1.052750 -12.875417
4.130000 0.002042 -0.060520 0.008621 178.067521 0.390211 -1.714957 -7.842733
4.277500 -0.025785 -0.058746 0.005870 203.697799 0.392540 -3.838425 -4.370436
4.425000 -0.052316 -0.033666 0.003886 237.238213 0.394764 -3.348410 -0.060660
4.572500 0.003134 0.062505 0.006699 2.870406 0.394072 -1.595025 6.024359
4.720000 -0.001690 0.062627 0.011885 358.454239 0.388498 -1.764888 11.219686
4.867500 -0.012989 0.060913 0.013689 347.962677 0.386943 -3.670211 13.121651
5.015000 -0.032200 0.045142 0.009550 324.499619 0.391375 -1.539224 9.540433
5.162500 0.007584 0.061698 0.007246 7.007720 0.396061 4.226936 5.657823
5.310000 0.040322 -0.040358 0.001859 135.025566 0.392693 12.286575 3.769389
5.457500 0.048924 -0.028193 0.012110 119.953176 0.382968 23.660114 1.662410
5.605000 0.050020 -0.020468 0.020055 112.254197 0.376858 30.597329 -2.266988
5.752500 0.034130 -0.056426 0.017197 148.831808 0.379670 21.860113 -10.083723
5.900000 -0.007167 -0.064444 0.019638 186.345949 0.380590 2.968218 -18.214588
6.047500 -0.015010 -0.062108 0.025545 193.586485 0.377023 -1.393105 -25.197022
6.195000 0.002691 -0.063290 0.023039 177.565324 0.380489 3.448439 -21.509560
6.342500 -0.004035 -0.066385 0.017953 183.478262 0.385241 -2.110316 -14.684350
6.490000 0.016362 -0.063471 0.012442 165.544613 0.388160 -4.512421 -9.076903
6.637500 0.029344 -0.056915 0.003771 152.725461 0.391848 3.927603 1.009578
6.785000 0.004818 0.067435 0.020587 4.086643 0.384934 9.589691 14.410457
6.932500 0.013084 0.062557 0.031110 11.813305 0.373538 10.533962 26.766630
7.080000 0.020768 0.060032 0.036319 19.083002 0.366189 13.530963 34.539161
7.227500 0.031800 0.058349 0.032645 28.590229 0.367393 20.614640 29.988543
7.375000 0.022983 0.059127 0.033152 21.241386 0.367424 22.010586 29.613364
7.522500 0.020130 0.053883 0.038553 20.485045 0.362505 19.721869 36.592090
7.670000 0.043374 0.047681 0.029256 42.291866 0.372158 14.475170 33.920173
7.817500 0.031508 0.057042 0.019530 28.914721 0.384310 8.926266 18.051144
7.965000 -0.032182 0.051601 0.013213 328.049444 0.388427 3.122834 7.402057
8.112500 -0.042012 -0.025876 0.002745 238.370284 0.397658 -1.928609 -4.274291
8.260000 -0.015742 -0.062169 0.022806 194.209331 0.378585 -2.989533 -19.215023
8.407500 0.005582 -0.063110 0.026528 174.945414 0.371936 -0.865783 -27.877646
8.555000 0.003228 -0.065581 0.023117 177.182086 0.369104 3.789260 -21.311226