[HEADER]
  GEAR_NOMINAL_VEL = 1.000000
  SAMPLING_MODE = CARTESIAN
  CRC = 4230818067
[RECORDS]
+0.000000 -1518.572600 -2138.653400 +1244.170800 -69.997600 +0.000000 +90.000000 +22 +50
+0.147500 -1509.285200 -2138.786800 +1247.564900 -69.292300 +11.170900 +90.000000 +22 +50
+0.294900 -1456.915700 -2140.531100 +1265.977000 -68.584600 +12.102500 +90.000000 +22 +50
+0.442400 -1345.766000 -2144.288900 +1304.858600 -67.876300 +10.175200 +90.000000 +22 +50
+0.589800 -1182.051100 -2149.441400 +1361.488300 -67.167000 +5.399700 +90.000000 +22 +50
+0.737300 -985.510500 -2154.756000 +1427.244800 -66.455600 -0.942700 +90.000000 +22 +50
+0.884700 -780.962800 -2158.820100 +1489.786100 -65.740700 -6.743700 +90.000000 +22 +50
+1.032200 -589.513600 -2160.517200 +1535.414100 -65.021100 -10.522700 +90.000000 +22 +50
+1.179700 -421.776700 -2159.129600 +1554.279400 -64.295100 -12.498800 +90.000000 +22 +50
+1.327100 -284.540100 -2154.317900 +1549.144800 -63.559900 -12.857600 +90.000000 +22 +50
+1.474600 -179.687700 -2148.280300 +1521.183200 -62.808300 -11.899200 +90.000000 +22 +50
+1.622000 -103.825300 -2145.214900 +1468.506700 -62.023900 -10.087700 +90.000000 +22 +50
+1.769500 -50.641300 -2149.955300 +1390.537900 -61.179500 -7.988700 +90.000000 +22 +50
+1.916900 -13.343800 -2166.732800 +1292.550400 -60.241700 -6.385400 +90.000000 +22 +50
+2.064400 +12.810500 -2198.286000 +1190.186600 -59.181900 -5.715400 +90.000000 +22 +50
+2.211900 +28.407100 -2245.594100 +1108.669400 -57.987100 -5.380100 +90.000000 +22 +50
+2.359300 +32.992700 -2308.009800 +1063.898900 -56.658200 -4.909000 +90.000000 +22 +50
+2.506800 +28.904600 -2382.328300 +1058.569600 -55.191500 -4.047800 +90.000000 +22 +50
+2.654200 +20.578400 -2463.438300 +1086.561900 -53.551900 -2.788300 +90.000000 +22 +50
+2.801700 +13.379900 -2545.455900 +1136.578000 -51.660900 -1.368400 +90.000000 +22 +50
+2.949200 +12.494800 -2622.762900 +1195.558300 -49.416500 -0.082400 +90.000000 +22 +50
+3.096600 +21.893100 -2690.913900 +1251.958500 -46.739900 +0.843900 +90.000000 +22 +50
+3.244100 +44.174000 -2748.104000 +1296.667300 -43.621400 +1.257000 +90.000000 +22 +50
+3.391500 +80.591000 -2792.644600 +1323.052600 -40.128500 +1.045600 +90.000000 +22 +50
+3.539000 +130.216200 -2819.827300 +1329.740000 -36.373700 +0.358900 +90.000000 +22 +50
+3.686400 +190.720000 -2823.914400 +1319.633700 -32.466900 -0.460900 +90.000000 +22 +50
+3.833900 +259.295400 -2800.441400 +1298.575100 -28.485800 -1.085500 +90.000000 +22 +50
+3.981400 +333.565500 -2748.454700 +1274.048900 -24.472200 -1.338200 +90.000000 +22 +50
+4.128800 +412.465300 -2672.818700 +1253.953100 -20.444000 -1.355900 +90.000000 +22 +50
+4.276300 +496.472500 -2585.306700 +1243.040300 -16.408600 -1.355100 +90.000000 +22 +50
+4.423700 +584.583100 -2495.771000 +1231.789100 -12.373500 -1.271200 +90.000000 +22 +50
+4.571200 +676.873700 -2411.853800 +1215.420600 -8.355200 -0.823300 +90.000000 +22 +50
+4.718600 +775.047100 -2340.811100 +1199.082500 -4.389800 -0.399500 +90.000000 +22 +50
+4.866100 +880.726000 -2288.197500 +1192.128100 -0.544000 -0.723900 +90.000000 +22 +50
+5.013600 +993.777300 -2256.520400 +1202.270300 +3.085700 -1.950300 +90.000000 +22 +50
+5.161000 +1110.723100 -2243.917300 +1229.727800 +6.395100 -3.926900 +90.000000 +22 +50
+5.308500 +1223.345400 -2243.068000 +1261.755200 +9.314000 -5.924700 +90.000000 +22 +50
+5.455900 +1321.413500 -2245.837300 +1280.873400 +11.840400 -6.549200 +90.000000 +22 +50
+5.603400 +1399.607300 -2245.839900 +1282.695100 +14.040300 -5.369800 +90.000000 +22 +50
+5.750800 +1456.707800 -2233.436100 +1269.720100 +16.012400 -2.833400 +90.000000 +22 +50
+5.898300 +1494.454700 -2197.704600 +1248.442300 +17.842100 +0.204000 +90.000000 +22 +50
+6.045800 +1516.547500 -2128.826100 +1227.230000 +19.571300 +2.768800 +90.000000 +22 +50
+6.193200 +1527.686000 -2020.517300 +1214.299800 +21.193800 +4.044700 +90.000000 +22 +50
+6.340700 +1532.712500 -1872.797700 +1215.754000 +22.672000 +3.328300 +90.000000 +22 +50
+6.488100 +1535.785200 -1694.963500 +1233.566800 +23.964100 +0.550700 +90.000000 +22 +50
+6.635600 +1539.683700 -1507.599000 +1264.669400 +25.051500 -3.515700 +90.000000 +22 +50
+6.783100 +1546.219100 -1334.843300 +1305.510600 +25.947500 -7.782900 +90.000000 +22 +50
+6.930500 +1555.733400 -1195.980700 +1348.796500 +26.680500 -11.620200 +90.000000 +22 +50
+7.078000 +1567.239100 -1105.025200 +1383.472300 +27.253200 -14.752700 +90.000000 +22 +50
+7.225400 +1579.027100 -1070.802900 +1397.717300 +27.596400 -16.572900 +90.000000 +22 +50
+7.372900 +1589.134300 -1096.950000 +1382.161800 +27.541400 -16.621400 +90.000000 +22 +50
+7.520300 +1595.716900 -1181.976000 +1332.977900 +26.841600 -14.805600 +90.000000 +22 +50
+7.667800 +1597.533500 -1319.564000 +1254.667100 +25.256300 -11.152800 +90.000000 +22 +50
+7.815300 +1594.529200 -1499.729700 +1161.617900 +22.662600 -6.502900 +90.000000 +22 +50
+7.962700 +1587.719500 -1711.960200 +1067.534900 +19.121000 -2.142500 +90.000000 +22 +50
+8.110200 +1578.929500 -1933.329300 +981.993700 +14.845000 +0.870100 +90.000000 +22 +50
+8.257600 +1570.389000 -2131.134500 +913.359000 +10.100000 +1.338900 +90.000000 +22 +50
+8.405100 +1564.125000 -2275.531800 +866.971400 +5.108600 -1.374200 +90.000000 +22 +50
+8.552500 +1561.339500 -2351.524900 +843.358200 +0.011800 -5.643900 +90.000000 +22 +50
+8.700000 +1561.634000 -2370.323600 +836.462500 -5.117100 -10.000000 +90.000000 +22 +50
[END]


true
stable state found
Calculation time[s] 629.141260
LimitWaterLVL[m] 0.400000
WaterLVL at time zero[m] -0.068387
Timestep[s] | HighestPointXYZ[m] | AngleToY[°] | Distance[m] | AngleX[°] | AngleY[°]
0.000000 0.060993 0.060993 -0.060993 0.019634 -0.060993 -0.000026 -0.000008
0.147500 0.031106 0.003620 -0.000533 83.361276 0.386910 -14.448416 0.129656
0.295000 -0.065418 0.033677 0.026900 297.239388 0.378345 -36.766519 1.245941
0.442500 -0.077630 0.001063 0.021712 270.784479 0.386037 -29.529563 -0.404120
0.590000 0.055585 0.007107 0.010518 82.713309 0.382497 -5.063227 0.330303
0.737500 -0.016156 0.041129 0.003182 338.554651 0.396541 -1.754862 0.323382
0.885000 -0.058931 -0.017320 0.008555 253.621688 0.381685 1.444375 -2.073227
1.032500 0.053899 -0.039377 0.012392 126.150957 0.390272 22.219870 -1.056505
1.180000 0.077624 0.002026 0.023900 88.504983 0.383946 32.000024 0.535291
1.327500 -0.040483 -0.034576 -0.000500 229.499467 0.380643 19.595211 -1.604544
1.475000 -0.042205 -0.010954 -0.001905 255.450710 0.384352 13.038612 -0.209216
1.622500 0.064303 0.035464 0.015382 61.122721 0.390688 22.028833 3.356444
1.770000 0.059909 0.011576 0.012427 79.063619 0.392286 19.914932 4.414026
1.917500 -0.055599 0.017746 0.003350 287.701960 0.388430 3.592359 4.085025
2.065000 -0.055173 0.000665 0.002225 270.690449 0.390413 2.659041 2.919967
2.212500 0.064910 0.016602 0.012146 75.653388 0.392422 15.338591 4.467396
2.360000 -0.042305 0.032522 0.001209 307.551309 0.394448 8.082647 3.962580
2.507500 -0.057417 -0.029236 0.006392 243.015389 0.388180 -2.075840 -0.938750
2.655000 0.052929 -0.024299 0.004146 114.659226 0.397520 5.836185 1.396210
2.802500 0.045928 -0.026605 0.002895 120.082694 0.397833 5.311252 1.136304
2.950000 -0.058297 -0.035321 0.010774 238.789156 0.389129 -8.011964 -4.712184
3.097500 -0.065826 -0.005542 0.008048 265.187523 0.392832 -9.028975 -4.899298
3.245000 0.055763 0.023400 0.003855 67.235467 0.394726 0.125905 -1.825386
3.392500 -0.004154 -0.050807 0.003368 184.674128 0.397093 -2.740767 -2.769756
3.540000 -0.058979 -0.034169 0.014416 239.914494 0.386002 -9.642554 -9.660101
3.687500 -0.011693 -0.059984 0.010232 191.030639 0.389387 -2.722865 -10.232534
3.835000 0.001172 -0.057571 0.003318 178.833764 0.395905 4.542107 -4.605255
3.982500 -0.016508 -0.058522 0.006235 195.752801 0.392412 -0.894136 -6.257374
4.130000 -0.032108 -0.058190 0.009621 208.888976 0.388729 -3.682610 -8.648668
4.277500 0.053855 0.026646 0.002634 63.675037 0.398518 1.889997 1.752142
4.425000 0.005914 0.046274 0.005010 7.283144 0.395830 3.492775 5.920024
4.572500 -0.046716 -0.024171 0.004174 242.642818 0.395160 -3.201151 0.362775
4.720000 -0.046860 0.004608 0.003064 275.616151 0.396821 -3.289386 1.522574
4.867500 0.013851 0.067365 0.010713 11.618713 0.390114 1.377802 10.096331
5.015000 -0.026170 0.036570 0.006064 324.412261 0.394639 -0.393656 6.759790
5.162500 -0.004776 -0.060578 0.002936 184.507903 0.392023 3.022953 -1.625847
5.310000 0.044682 -0.027680 0.004010 121.777752 0.391923 11.819162 1.386766
5.457500 0.046584 -0.026050 0.002795 119.214133 0.392426 14.004533 4.256499
5.605000 0.034870 -0.054571 0.006162 147.422070 0.387369 11.127417 -3.822319
5.752500 0.012310 -0.064507 0.012478 169.196031 0.383910 9.265744 -10.806871
5.900000 0.037963 -0.047451 0.008329 141.338572 0.391832 3.923335 -7.623936
6.047500 -0.006790 -0.067114 0.008759 185.777031 0.394029 -0.330642 -7.294336
6.195000 -0.006639 -0.066517 0.014335 185.699728 0.389386 -2.252703 -13.536597
6.342500 0.004305 -0.065627 0.012075 176.246889 0.391088 -3.626658 -10.552587
6.490000 -0.007268 -0.045700 0.001837 189.036481 0.398578 -0.711453 -0.607381
6.637500 -0.004476 0.028239 0.003353 350.993307 0.397649 2.763240 4.257457
6.785000 -0.012112 0.064266 0.010501 349.326848 0.394737 6.859378 7.468578
6.932500 0.017074 0.066727 0.016887 14.352799 0.388210 11.516513 13.680332
7.080000 0.034998 0.059252 0.019613 30.568801 0.381690 14.246160 18.716460
7.227500 0.049840 0.048649 0.017011 45.692828 0.378955 17.481557 18.159702
7.375000 0.049873 0.047767 0.016593 46.235623 0.379061 18.891250 17.747937
7.522500 0.027400 0.062633 0.020266 23.627890 0.382183 16.209280 18.264393
7.670000 0.040244 0.048516 0.012087 39.675691 0.389219 12.970777 14.264471
7.817500 0.035838 0.043287 0.005492 39.621901 0.396679 8.146643 7.100728
7.965000 0.020828 0.046481 0.002544 24.137012 0.398928 1.666482 4.449342
8.112500 -0.034052 -0.055556 0.002486 211.505428 0.398355 -0.854177 -2.940193
8.260000 -0.000832 -0.071140 0.018585 180.670062 0.382952 -1.885307 -16.511476
8.407500 0.013942 -0.065773 0.019435 168.032078 0.379017 -1.725544 -19.432686
8.555000 -0.014202 -0.066384 0.015756 192.075658 0.375769 5.665015 -13.264533