[HEADER]
  GEAR_NOMINAL_VEL = 1.000000
  SAMPLING_MODE = CARTESIAN
  CRC = 4230818067
[RECORDS]
+0.000000 +0.000000 +0.000000 +0.000000 -90.000000 +0.000000 +90.000000 +22 +50
+0.200000 +60.000000 +0.000000 +0.000000 -90.000000 +0.000000 +90.000000 +22 +50
+0.400000 +240.000000 +0.000000 +0.000000 -90.000000 +0.000000 +90.000000 +22 +50
+0.600000 +540.000000 +0.000000 +0.000000 -90.000000 +0.000000 +90.000000 +22 +50
+0.800000 +960.000000 +0.000000 +0.000000 -90.000000 +0.000000 +90.000000 +22 +50
+1.000000 +1500.000000 +0.000000 +0.000000 -90.000000 +0.000000 +90.000000 +22 +50
+1.200000 +2160.000000 +0.000000 +0.000000 -90.000000 +0.000000 +90.000000 +22 +50
+1.400000 +2940.000000 +0.000000 +0.000000 -90.000000 +0.000000 +90.000000 +22 +50
+1.600000 +3840.000000 +0.000000 +0.000000 -90.000000 +0.000000 +90.000000 +22 +50
[END]


true
stable state found
Calculation time[s] 169.692134
LimitWaterLVL[m] 0.400000
WaterLVL at time zero[m] -0.061623
Timestep[s] | HighestPointXYZ[m] | AngleToY[°] | Distance[m] | AngleX[°] | AngleY[°]
0.000000 0.002589 -0.063194 0.000000 177.653506 0.400000 -0.058638 -0.008053
0.200000 -0.042595 0.033551 0.010988 308.226654 0.389012 -16.677172 0.245019
0.400000 -0.045229 -0.030160 0.014748 236.303677 0.385252 -17.206699 -0.080787
0.600000 -0.045416 -0.035675 0.014775 231.849794 0.385225 -16.407334 0.035246
0.800000 -0.045417 -0.035675 0.014775 231.850329 0.385225 -17.819578 0.053120
1.000000 -0.046700 -0.009886 0.018523 258.047457 0.381477 -15.827601 0.020229
1.200000 -0.046280 -0.017508 0.018527 249.278071 0.381473 -18.491939 -0.006685
1.400000 -0.042590 0.033551 0.010989 308.229876 0.389011 -15.155934 0.188884
1.600000 -0.046730 -0.005917 0.007116 262.782986 0.392884 -10.087271 0.367763