[HEADER]
  GEAR_NOMINAL_VEL = 1.000000
  SAMPLING_MODE = CARTESIAN
  CRC = 4230818067
[RECORDS]
+0.000000 -1518.572600 -2138.653400 +1244.170800 -69.997600 +0.000000 +90.000000 +22 +50
+0.147500 -1509.285200 -2138.786800 +1247.564900 -69.292300 +11.170900 +90.000000 +22 +50
+0.294900 -1456.915700 -2140.531100 +1265.977000 -68.584600 +12.102500 +90.000000 +22 +50
+0.442400 -1345.766000 -2144.288900 +1304.858600 -67.876300 +10.175200 +90.000000 +22 +50
+0.589800 -1182.051100 -2149.441400 +1361.488300 -67.167000 +5.399700 +90.000000 +22 +50
+0.737300 -985.510500 -2154.756000 +1427.244800 -66.455600 -0.942700 +90.000000 +22 +50
+0.884700 -780.962800 -2158.820100 +1489.786100 -65.740700 -6.743700 +90.000000 +22 +50
+1.032200 -589.513600 -2160.517200 +1535.414100 -65.021100 -10.522700 +90.000000 +22 +50
+1.179700 -421.776700 -2159.129600 +1554.279400 -64.295100 -12.498800 +90.000000 +22 +50
+1.327100 -284.540100 -2154.317900 +1549.144800 -63.559900 -12.857600 +90.000000 +22 +50
+1.474600 -179.687700 -2148.280300 +1521.183200 -62.808300 -11.899200 +90.000000 +22 +50
+1.622000 -103.825300 -2145.214900 +1468.506700 -62.023900 -10.087700 +90.000000 +22 +50
+1.769500 -50.641300 -2149.955300 +1390.537900 -61.179500 -7.988700 +90.000000 +22 +50
+1.916900 -13.343800 -2166.732800 +1292.550400 -60.241700 -6.385400 +90.000000 +22 +50
+2.064400 +12.810500 -2198.286000 +1190.186600 -59.181900 -5.715400 +90.000000 +22 +50
+2.211900 +28.407100 -2245.594100 +1108.669400 -57.987100 -5.380100 +90.000000 +22 +50
+2.359300 +32.992700 -2308.009800 +1063.898900 -56.658200 -4.909000 +90.000000 +22 +50
+2.506800 +28.904600 -2382.328300 +1058.569600 -55.191500 -4.047800 +90.000000 +22 +50
+2.654200 +20.578400 -2463.438300 +1086.561900 -53.551900 -2.788300 +90.000000 +22 +50
+2.801700 +13.379900 -2545.455900 +1136.578000 -51.660900 -1.368400 +90.000000 +22 +50
+2.949200 +12.494800 -2622.762900 +1195.558300 -49.416500 -0.082400 +90.000000 +22 +50
+3.096600 +21.893100 -2690.913900 +1251.958500 -46.739900 +0.843900 +90.000000 +22 +50
+3.244100 +44.174000 -2748.104000 +1296.667300 -43.621400 +1.257000 +90.000000 +22 +50
+3.391500 +80.591000 -2792.644600 +1323.052600 -40.128500 +1.045600 +90.000000 +22 +50
+3.539000 +130.216200 -2819.827300 +1329.740000 -36.373700 +0.358900 +90.000000 +22 +50
+3.686400 +190.720000 -2823.914400 +1319.633700 -32.466900 -0.460900 +90.000000 +22 +50
+3.833900 +259.295400 -2800.441400 +1298.575100 -28.485800 -1.085500 +90.000000 +22 +50
+3.981400 +333.565500 -2748.454700 +1274.048900 -24.472200 -1.338200 +90.000000 +22 +50
+4.128800 +412.465300 -2672.818700 +1253.953100 -20.444000 -1.355900 +90.000000 +22 +50
+4.276300 +496.472500 -2585.306700 +1243.040300 -16.408600 -1.355100 +90.000000 +22 +50
+4.423700 +584.583100 -2495.771000 +1231.789100 -12.373500 -1.271200 +90.000000 +22 +50
+4.571200 +676.873700 -2411.853800 +1215.420600 -8.355200 -0.823300 +90.000000 +22 +50
+4.718600 +775.047100 -2340.811100 +1199.082500 -4.389800 -0.399500 +90.000000 +22 +50
+4.866100 +880.726000 -2288.197500 +1192.128100 -0.544000 -0.723900 +90.000000 +22 +50
+5.013600 +993.777300 -2256.520400 +1202.270300 +3.085700 -1.950300 +90.000000 +22 +50
+5.161000 +1110.723100 -2243.917300 +1229.727800 +6.395100 -3.926900 +90.000000 +22 +50
+5.308500 +1223.345400 -2243.068000 +1261.755200 +9.314000 -5.924700 +90.000000 +22 +50
+5.455900 +1321.413500 -2245.837300 +1280.873400 +11.840400 -6.549200 +90.000000 +22 +50
+5.603400 +1399.607300 -2245.839900 +1282.695100 +14.040300 -5.369800 +90.000000 +22 +50
+5.750800 +1456.707800 -2233.436100 +1269.720100 +16.012400 -2.833400 +90.000000 +22 +50
+5.898300 +1494.454700 -2197.704600 +1248.442300 +17.842100 +0.204000 +90.000000 +22 +50
+6.045800 +1516.547500 -2128.826100 +1227.230000 +19.571300 +2.768800 +90.000000 +22 +50
+6.193200 +1527.686000 -2020.517300 +1214.299800 +21.193800 +4.044700 +90.000000 +22 +50
+6.340700 +1532.712500 -1872.797700 +1215.754000 +22.672000 +3.328300 +90.000000 +22 +50
+6.488100 +1535.785200 -1694.963500 +1233.566800 +23.964100 +0.550700 +90.000000 +22 +50
+6.635600 +1539.683700 -1507.599000 +1264.669400 +25.051500 -3.515700 +90.000000 +22 +50
+6.783100 +1546.219100 -1334.843300 +1305.510600 +25.947500 -7.782900 +90.000000 +22 +50
+6.930500 +1555.733400 -1195.980700 +1348.796500 +26.680500 -11.620200 +90.000000 +22 +50
+7.078000 +1567.239100 -1105.025200 +1383.472300 +27.253200 -14.752700 +90.000000 +22 +50
+7.225400 +1579.027100 -1070.802900 +1397.717300 +27.596400 -16.572900 +90.000000 +22 +50
+7.372900 +1589.134300 -1096.950000 +1382.161800 +27.541400 -16.621400 +90.000000 +22 +50
+7.520300 +1595.716900 -1181.976000 +1332.977900 +26.841600 -14.805600 +90.000000 +22 +50
+7.667800 +1597.533500 -1319.564000 +1254.667100 +25.256300 -11.152800 +90.000000 +22 +50
+7.815300 +1594.529200 -1499.729700 +1161.617900 +22.662600 -6.502900 +90.000000 +22 +50
+7.962700 +1587.719500 -1711.960200 +1067.534900 +19.121000 -2.142500 +90.000000 +22 +50
+8.110200 +1578.929500 -1933.329300 +981.993700 +14.845000 +0.870100 +90.000000 +22 +50
+8.257600 +1570.389000 -2131.134500 +913.359000 +10.100000 +1.338900 +90.000000 +22 +50
+8.405100 +1564.125000 -2275.531800 +866.971400 +5.108600 -1.374200 +90.000000 +22 +50
+8.552500 +1561.339500 -2351.524900 +843.358200 +0.011800 -5.643900 +90.000000 +22 +50
+8.700000 +1561.634000 -2370.323600 +836.462500 -5.117100 -10.000000 +90.000000 +22 +50
[END]


true
stable state found
Calculation time[s] 465.499404
LimitWaterLVL[m] 0.400000
WaterLVL at time zero[m] -0.068387
Timestep[s] | HighestPointXYZ[m] | AngleToY[°] | Distance[m] | AngleX[°] | AngleY[°]
0.000000 0.060993 0.060993 -0.060993 0.019634 -0.060993 -0.000026 -0.000008
0.147500 0.035349 0.003954 -0.001399 83.617833 0.386937 -15.023210 0.088744
0.295000 -0.073966 0.012067 0.030551 279.265574 0.376679 -37.074386 1.392225
0.442500 -0.076149 0.001829 0.030587 271.375643 0.377035 -37.239734 0.152011
0.590000 0.059598 0.007735 0.000644 82.605161 0.391946 -12.556355 -0.252960
0.737500 0.028214 -0.008756 0.003842 107.241517 0.396559 4.638393 0.429412
0.885000 -0.012846 -0.048272 0.001649 194.902099 0.393670 8.631059 -0.851930
1.032500 -0.052623 -0.010221 -0.002607 259.008157 0.386100 16.010809 -2.021671
1.180000 0.040484 -0.041950 0.008818 136.018632 0.389727 26.219148 -1.243118
1.327500 0.041397 -0.041600 0.009129 135.140000 0.389186 28.570125 -0.616107
1.475000 -0.045375 0.013305 -0.008015 286.341974 0.390309 22.139820 0.922409
1.622500 -0.023477 0.007973 -0.002178 288.758364 0.392082 16.135668 2.537001
1.770000 -0.045191 0.017937 -0.004066 291.648382 0.394321 14.246780 4.757508
1.917500 -0.045289 0.024655 -0.002629 298.563432 0.395632 11.696652 5.251992
2.065000 -0.052863 0.016926 -0.001054 287.754640 0.394206 7.277372 4.606184
2.212500 -0.055100 0.007968 -0.000905 278.228591 0.394241 6.958470 3.942175
2.360000 -0.053935 0.013874 -0.003460 284.425755 0.397763 9.203231 3.278690
2.507500 -0.053207 -0.019923 -0.002377 249.471928 0.397383 6.246944 2.518923
2.655000 -0.058321 -0.005724 0.002230 264.394574 0.394499 1.146835 0.150740
2.802500 -0.033542 -0.047231 0.002745 215.381195 0.396027 -0.733664 -1.559425
2.950000 -0.033107 -0.048532 0.003533 214.300575 0.396398 -2.082287 -2.463501
3.097500 -0.059036 -0.020955 0.006050 250.457534 0.394828 -5.142530 -3.786821
3.245000 -0.047167 -0.046533 0.008012 225.387673 0.393274 -7.389789 -4.422283
3.392500 -0.056224 -0.027355 0.007699 244.055411 0.393374 -6.339082 -5.078189
3.540000 -0.014879 -0.056811 0.008739 194.676326 0.391528 -3.536673 -8.118208
3.687500 -0.018413 -0.059005 0.010102 197.330966 0.389479 -2.323615 -9.796777
3.835000 -0.013578 -0.059998 0.009925 192.751670 0.389059 -1.402090 -9.612516
3.982500 -0.002368 -0.060553 0.008479 182.239481 0.390367 0.435789 -8.800147
4.130000 -0.021958 -0.059941 0.006093 200.119141 0.392381 0.028472 -5.720107
4.277500 -0.045195 -0.031607 0.002017 235.033087 0.396635 -1.452902 0.271232
4.425000 0.017554 0.042304 0.001703 22.535954 0.399200 1.418259 2.102287
4.572500 -0.019796 0.042108 0.002853 334.820636 0.397504 0.356957 3.319727
4.720000 -0.022110 0.050763 0.006559 336.464300 0.393690 -3.929129 5.875418
4.867500 -0.018919 0.057968 0.006789 341.924739 0.393782 -1.570335 6.721111
5.015000 -0.006870 0.057138 0.006649 353.143965 0.394916 1.565294 6.272419
5.162500 -0.013806 0.035610 0.004190 338.808738 0.397029 2.902583 5.013212
5.310000 0.031962 -0.053024 0.000917 148.919115 0.392185 10.937599 1.214119
5.457500 0.044454 -0.041778 0.007938 133.222536 0.385507 17.381397 -1.277625
5.605000 0.040910 -0.047343 0.006634 139.169071 0.387631 13.802118 -2.399482
5.752500 0.027130 -0.059802 0.007917 155.597926 0.388748 8.492041 -6.404094
5.900000 0.009933 -0.066747 0.013753 171.535609 0.386481 5.879870 -12.106196
6.047500 0.009580 -0.066252 0.016980 171.772106 0.385769 1.902136 -15.604443
6.195000 0.002031 -0.066333 0.013721 178.246254 0.389998 -4.023261 -12.255697
6.342500 -0.004745 -0.066088 0.010747 184.106687 0.392416 -2.629271 -8.723690
6.490000 -0.008638 -0.058775 0.007037 188.360750 0.393503 -0.022343 -7.173888
6.637500 -0.009826 -0.060168 -0.000285 189.275063 0.395909 2.108454 1.089820
6.785000 0.005068 0.062924 0.016623 4.604754 0.388250 7.217077 13.826667
6.932500 0.032714 0.063027 0.019963 27.431452 0.384090 11.120794 20.355764
7.080000 0.008408 0.066242 0.022631 7.233787 0.381392 14.156848 18.782161
7.227500 0.017850 0.065409 0.024934 15.264235 0.377305 18.435901 19.473923
7.375000 0.025733 0.063297 0.026634 22.123893 0.374748 18.720428 23.181443
7.522500 0.033510 0.059863 0.025862 29.239149 0.375885 16.364965 23.440448
7.670000 -0.000516 0.065054 0.018993 359.545547 0.386351 13.814564 17.015926
7.817500 0.007428 0.065089 0.011389 6.510467 0.393435 8.517516 9.958318
7.965000 0.007708 0.062298 0.005283 7.053240 0.396774 2.047341 6.303506
8.112500 -0.027122 -0.059364 0.002348 204.554534 0.398541 -1.181926 -2.715090
8.260000 -0.017352 -0.066222 0.019304 194.682986 0.382186 -1.800962 -17.340712
8.407500 -0.003318 -0.066665 0.022649 182.849331 0.375677 -1.394496 -22.704891
8.555000 -0.006662 -0.068163 0.018352 185.582149 0.373274 4.532515 -15.514236