[HEADER]
  GEAR_NOMINAL_VEL = 1.000000
  SAMPLING_MODE = CARTESIAN
  CRC = 4230818067
[RECORDS]
+0.000000 -1518.572600 -2138.653400 +1244.170800 -69.997600 +0.000000 +90.000000 +22 +50
+0.147500 -1509.285200 -2138.786800 +1247.564900 -69.292300 +11.170900 +90.000000 +22 +50
+0.294900 -1456.915700 -2140.531100 +1265.977000 -68.584600 +12.102500 +90.000000 +22 +50
+0.442400 -1345.766000 -2144.288900 +1304.858600 -67.876300 +10.175200 +90.000000 +22 +50
+0.589800 -1182.051100 -2149.441400 +1361.488300 -67.167000 +5.399700 +90.000000 +22 +50
+0.737300 -985.510500 -2154.756000 +1427.244800 -66.455600 -0.942700 +90.000000 +22 +50
+0.884700 -780.962800 -2158.820100 +1489.786100 -65.740700 -6.743700 +90.000000 +22 +50
+1.032200 -589.513600 -2160.517200 +1535.414100 -65.021100 -10.522700 +90.000000 +22 +50
+1.179700 -421.776700 -2159.129600 +1554.279400 -64.295100 -12.498800 +90.000000 +22 +50
+1.327100 -284.540100 -2154.317900 +1549.144800 -63.559900 -12.857600 +90.000000 +22 +50
+1.474600 -179.687700 -2148.280300 +1521.183200 -62.808300 -11.899200 +90.000000 +22 +50
+1.622000 -103.825300 -2145.214900 +1468.506700 -62.023900 -10.087700 +90.000000 +22 +50
+1.769500 -50.641300 -2149.955300 +1390.537900 -61.179500 -7.988700 +90.000000 +22 +50
+1.916900 -13.343800 -2166.732800 +1292.550400 -60.241700 -6.385400 +90.000000 +22 +50
+2.064400 +12.810500 -2198.286000 +1190.186600 -59.181900 -5.715400 +90.000000 +22 +50
+2.211900 +28.407100 -2245.594100 +1108.669400 -57.987100 -5.380100 +90.000000 +22 +50
+2.359300 +32.992700 -2308.009800 +1063.898900 -56.658200 -4.909000 +90.000000 +22 +50
+2.506800 +28.904600 -2382.328300 +1058.569600 -55.191500 -4.047800 +90.000000 +22 +50
+2.654200 +20.578400 -2463.438300 +1086.561900 -53.551900 -2.788300 +90.000000 +22 +50
+2.801700 +13.379900 -2545.455900 +1136.578000 -51.660900 -1.368400 +90.000000 +22 +50
+2.949200 +12.494800 -2622.762900 +1195.558300 -49.416500 -0.082400 +90.000000 +22 +50
+3.096600 +21.893100 -2690.913900 +1251.958500 -46.739900 +0.843900 +90.000000 +22 +50
+3.244100 +44.174000 -2748.104000 +1296.667300 -43.621400 +1.257000 +90.000000 +22 +50
+3.391500 +80.591000 -2792.644600 +1323.052600 -40.128500 +1.045600 +90.000000 +22 +50
+3.539000 +130.216200 -2819.827300 +1329.740000 -36.373700 +0.358900 +90.000000 +22 +50
+3.686400 +190.720000 -2823.914400 +1319.633700 -32.466900 -0.460900 +90.000000 +22 +50
+3.833900 +259.295400 -2800.441400 +1298.575100 -28.485800 -1.085500 +90.000000 +22 +50
+3.981400 +333.565500 -2748.454700 +1274.048900 -24.472200 -1.338200 +90.000000 +22 +50
+4.128800 +412.465300 -2672.818700 +1253.953100 -20.444000 -1.355900 +90.000000 +22 +50
+4.276300 +496.472500 -2585.306700 +1243.040300 -16.408600 -1.355100 +90.000000 +22 +50
+4.423700 +584.583100 -2495.771000 +1231.789100 -12.373500 -1.271200 +90.000000 +22 +50
+4.571200 +676.873700 -2411.853800 +1215.420600 -8.355200 -0.823300 +90.000000 +22 +50
+4.718600 +775.047100 -2340.811100 +1199.082500 -4.389800 -0.399500 +90.000000 +22 +50
+4.866100 +880.726000 -2288.197500 +1192.128100 -0.544000 -0.723900 +90.000000 +22 +50
+5.013600 +993.777300 -2256.520400 +1202.270300 +3.085700 -1.950300 +90.000000 +22 +50
+5.161000 +1110.723100 -2243.917300 +1229.727800 +6.395100 -3.926900 +90.000000 +22 +50
+5.308500 +1223.345400 -2243.068000 +1261.755200 +9.314000 -5.924700 +90.000000 +22 +50
+5.455900 +1321.413500 -2245.837300 +1280.873400 +11.840400 -6.549200 +90.000000 +22 +50
+5.603400 +1399.607300 -2245.839900 +1282.695100 +14.040300 -5.369800 +90.000000 +22 +50
+5.750800 +1456.707800 -2233.436100 +1269.720100 +16.012400 -2.833400 +90.000000 +22 +50
+5.898300 +1494.454700 -2197.704600 +1248.442300 +17.842100 +0.204000 +90.000000 +22 +50
+6.045800 +1516.547500 -2128.826100 +1227.230000 +19.571300 +2.768800 +90.000000 +22 +50
+6.193200 +1527.686000 -2020.517300 +1214.299800 +21.193800 +4.044700 +90.000000 +22 +50
+6.340700 +1532.712500 -1872.797700 +1215.754000 +22.672000 +3.328300 +90.000000 +22 +50
+6.488100 +1535.785200 -1694.963500 +1233.566800 +23.964100 +0.550700 +90.000000 +22 +50
+6.635600 +1539.683700 -1507.599000 +1264.669400 +25.051500 -3.515700 +90.000000 +22 +50
+6.783100 +1546.219100 -1334.843300 +1305.510600 +25.947500 -7.782900 +90.000000 +22 +50
+6.930500 +1555.733400 -1195.980700 +1348.796500 +26.680500 -11.620200 +90.000000 +22 +50
+7.078000 +1567.239100 -1105.025200 +1383.472300 +27.253200 -14.752700 +90.000000 +22 +50
+7.225400 +1579.027100 -1070.802900 +1397.717300 +27.596400 -16.572900 +90.000000 +22 +50
+7.372900 +1589.134300 -1096.950000 +1382.161800 +27.541400 -16.621400 +90.000000 +22 +50
+7.520300 +1595.716900 -1181.976000 +1332.977900 +26.841600 -14.805600 +90.000000 +22 +50
+7.667800 +1597.533500 -1319.564000 +1254.667100 +25.256300 -11.152800 +90.000000 +22 +50
+7.815300 +1594.529200 -1499.729700 +1161.617900 +22.662600 -6.502900 +90.000000 +22 +50
+7.962700 +1587.719500 -1711.960200 +1067.534900 +19.121000 -2.142500 +90.000000 +22 +50
+8.110200 +1578.929500 -1933.329300 +981.993700 +14.845000 +0.870100 +90.000000 +22 +50
+8.257600 +1570.389000 -2131.134500 +913.359000 +10.100000 +1.338900 +90.000000 +22 +50
+8.405100 +1564.125000 -2275.531800 +866.971400 +5.108600 -1.374200 +90.000000 +22 +50
+8.552500 +1561.339500 -2351.524900 +843.358200 +0.011800 -5.643900 +90.000000 +22 +50
+8.700000 +1561.634000 -2370.323600 +836.462500 -5.117100 -10.000000 +90.000000 +22 +50
[END]


true
stable state found
Calculation time[s] 515.606265
LimitWaterLVL[m] 0.400000
WaterLVL at time zero[m] -0.068387
Timestep[s] | HighestPointXYZ[m] | AngleToY[°] | Distance[m] | AngleX[°] | AngleY[°]
0.000000 0.060993 0.060993 -0.060993 0.019634 -0.060993 -0.000026 -0.000008
0.147500 0.034582 0.010631 -0.001240 72.911720 0.386913 -14.624397 0.134794
0.295000 -0.077067 0.010664 0.029359 277.878214 0.378501 -36.476197 1.327002
0.442500 -0.076001 0.009721 0.025062 277.288819 0.382394 -32.301984 -0.148481
0.590000 0.059181 0.007565 0.006445 82.715804 0.386212 -8.522197 0.132447
0.737500 0.014779 0.046371 0.001994 17.677711 0.398242 1.646582 0.730165
0.885000 -0.033086 -0.042109 0.004386 218.157527 0.388635 4.253514 -1.483849
1.032500 -0.035957 -0.030556 -0.004572 229.642634 0.390742 18.070175 -1.427298
1.180000 0.067004 -0.020927 0.016448 107.344948 0.388441 29.501576 -0.206195
1.327500 -0.027683 -0.038277 -0.006596 215.875651 0.389325 24.421920 -1.379124
1.475000 -0.046255 -0.011763 -0.004692 255.731818 0.386230 16.352245 -0.046635
1.622500 -0.048787 0.003803 -0.006731 274.457664 0.392073 17.108424 2.653798
1.770000 0.061189 0.004486 0.010834 85.807236 0.393888 17.691911 4.387570
1.917500 -0.032569 0.032448 0.000612 314.893661 0.393952 9.691908 4.747445
2.065000 -0.058463 0.008801 0.002007 278.560907 0.390460 3.715436 3.925173
2.212500 -0.019160 0.041036 0.001158 334.972009 0.396129 9.370410 3.048632
2.360000 0.061145 0.025530 0.008114 67.337898 0.396044 10.771278 4.503251
2.507500 -0.055987 -0.012155 0.000815 257.750947 0.394149 2.902290 1.228581
2.655000 -0.054861 -0.030842 0.002394 240.655983 0.394151 0.506469 -0.660056
2.802500 -0.018332 -0.047874 -0.000371 200.952934 0.399482 2.635194 0.044189
2.950000 -0.033107 -0.048532 0.003533 214.300575 0.396398 -1.659124 -2.213713
3.097500 -0.059376 -0.030519 0.009388 242.797038 0.391551 -7.811311 -4.730470
3.245000 -0.060797 -0.016118 0.006463 255.151790 0.394794 -6.611443 -3.750164
3.392500 -0.056154 -0.027312 0.004325 244.062789 0.396746 -2.754367 -3.624806
3.540000 -0.016899 -0.058919 0.007126 196.003818 0.393159 -3.288960 -6.824290
3.687500 -0.041573 -0.049638 0.011707 219.946971 0.387772 -4.507390 -9.608380
3.835000 -0.006928 -0.060295 0.008407 186.554640 0.390667 -0.411473 -8.998827
3.982500 0.005442 -0.057493 0.005121 174.592778 0.393902 2.125113 -6.051235
4.130000 -0.019808 -0.057211 0.004196 199.097241 0.394359 -0.971281 -3.885169
4.277500 -0.023585 -0.055061 0.002541 203.187538 0.395969 -1.111993 -1.384504
4.425000 0.035904 0.046686 0.002101 37.562186 0.399103 1.995035 1.846363
4.572500 -0.018066 0.052326 0.004677 340.952327 0.395821 -0.394368 4.501967
4.720000 -0.025080 0.043638 0.004806 330.112792 0.395389 -3.005335 4.499192
4.867500 -0.003639 0.064653 0.005151 356.778476 0.395566 -0.924601 4.977107
5.015000 -0.006390 0.053112 0.006672 353.139655 0.394766 0.402552 6.686413
5.162500 -0.028096 0.010819 0.001468 291.060151 0.397863 4.202199 4.091461
5.310000 0.036622 -0.047099 0.003366 142.133018 0.390439 10.845762 -0.006998
5.457500 0.034114 -0.055289 0.003460 148.324899 0.388263 13.931199 -0.834894
5.605000 0.028670 -0.057473 0.003795 153.488009 0.389395 11.986303 -1.332531
5.752500 0.027130 -0.059802 0.007917 155.597926 0.388748 9.027782 -6.290866
5.900000 0.001903 -0.067406 0.012043 178.382860 0.388194 4.511744 -11.493529
6.047500 0.018950 -0.061174 0.012795 162.788476 0.389701 -0.072827 -11.785452
6.195000 0.010931 -0.062140 0.011191 170.023168 0.392238 -2.604487 -9.679357
6.342500 0.004515 -0.065652 0.010212 176.065866 0.392950 -3.173765 -9.268931
6.490000 -0.000428 -0.063565 0.006757 180.385782 0.393834 -1.034067 -6.207614
6.637500 0.002674 0.064030 0.005378 2.391378 0.397777 3.037722 3.731390
6.785000 0.004808 0.070097 0.014741 3.923810 0.391084 6.745103 12.750465
6.932500 0.033444 0.059627 0.014738 29.287494 0.388512 10.903519 13.943037
7.080000 0.023268 -0.042985 -0.009081 151.573090 0.383989 15.159629 14.545905
7.227500 0.040820 0.048589 0.018093 40.033882 0.378241 17.459747 20.177956
7.375000 0.034083 0.057637 0.025163 30.597476 0.374240 17.981933 23.357636
7.522500 0.035090 0.059853 0.020273 30.381804 0.381237 17.151905 18.516345
7.670000 0.042724 0.039002 0.009115 47.607587 0.390259 13.149938 12.590927
7.817500 0.042268 0.039758 0.006119 46.752707 0.395623 7.434119 8.809934
7.965000 0.007708 0.062298 0.005283 7.053240 0.396774 2.398847 6.590238
8.112500 -0.027142 -0.059449 0.004037 204.539514 0.396854 -1.103302 -3.808733
8.260000 -0.017672 -0.069149 0.019047 194.335854 0.382512 -2.530556 -17.761939
8.407500 0.005842 -0.067465 0.019257 175.050929 0.379106 -1.103519 -18.958453
8.555000 -0.014082 -0.066463 0.017682 191.962758 0.373849 5.587416 -14.145952