[HEADER]
  GEAR_NOMINAL_VEL = 1.000000
  SAMPLING_MODE = CARTESIAN
  CRC = 4230818067
[RECORDS]
+0.000000 -1518.572600 -2138.653400 +1244.170800 -69.997600 +0.000000 +90.000000 +22 +50
+0.147500 -1509.285200 -2138.786800 +1247.564900 -69.292300 +11.170900 +90.000000 +22 +50
+0.294900 -1456.915700 -2140.531100 +1265.977000 -68.584600 +12.102500 +90.000000 +22 +50
+0.442400 -1345.766000 -2144.288900 +1304.858600 -67.876300 +10.175200 +90.000000 +22 +50
+0.589800 -1182.051100 -2149.441400 +1361.488300 -67.167000 +5.399700 +90.000000 +22 +50
+0.737300 -985.510500 -2154.756000 +1427.244800 -66.455600 -0.942700 +90.000000 +22 +50
+0.884700 -780.962800 -2158.820100 +1489.786100 -65.740700 -6.743700 +90.000000 +22 +50
+1.032200 -589.513600 -2160.517200 +1535.414100 -65.021100 -10.522700 +90.000000 +22 +50
+1.179700 -421.776700 -2159.129600 +1554.279400 -64.295100 -12.498800 +90.000000 +22 +50
+1.327100 -284.540100 -2154.317900 +1549.144800 -63.559900 -12.857600 +90.000000 +22 +50
+1.474600 -179.687700 -2148.280300 +1521.183200 -62.808300 -11.899200 +90.000000 +22 +50
+1.622000 -103.825300 -2145.214900 +1468.506700 -62.023900 -10.087700 +90.000000 +22 +50
+1.769500 -50.641300 -2149.955300 +1390.537900 -61.179500 -7.988700 +90.000000 +22 +50
+1.916900 -13.343800 -2166.732800 +1292.550400 -60.241700 -6.385400 +90.000000 +22 +50
+2.064400 +12.810500 -2198.286000 +1190.186600 -59.181900 -5.715400 +90.000000 +22 +50
+2.211900 +28.407100 -2245.594100 +1108.669400 -57.987100 -5.380100 +90.000000 +22 +50
+2.359300 +32.992700 -2308.009800 +1063.898900 -56.658200 -4.909000 +90.000000 +22 +50
+2.506800 +28.904600 -2382.328300 +1058.569600 -55.191500 -4.047800 +90.000000 +22 +50
+2.654200 +20.578400 -2463.438300 +1086.561900 -53.551900 -2.788300 +90.000000 +22 +50
+2.801700 +13.379900 -2545.455900 +1136.578000 -51.660900 -1.368400 +90.000000 +22 +50
+2.949200 +12.494800 -2622.762900 +1195.558300 -49.416500 -0.082400 +90.000000 +22 +50
+3.096600 +21.893100 -2690.913900 +1251.958500 -46.739900 +0.843900 +90.000000 +22 +50
+3.244100 +44.174000 -2748.104000 +1296.667300 -43.621400 +1.257000 +90.000000 +22 +50
+3.391500 +80.591000 -2792.644600 +1323.052600 -40.128500 +1.045600 +90.000000 +22 +50
+3.539000 +130.216200 -2819.827300 +1329.740000 -36.373700 +0.358900 +90.000000 +22 +50
+3.686400 +190.720000 -2823.914400 +1319.633700 -32.466900 -0.460900 +90.000000 +22 +50
+3.833900 +259.295400 -2800.441400 +1298.575100 -28.485800 -1.085500 +90.000000 +22 +50
+3.981400 +333.565500 -2748.454700 +1274.048900 -24.472200 -1.338200 +90.000000 +22 +50
+4.128800 +412.465300 -2672.818700 +1253.953100 -20.444000 -1.355900 +90.000000 +22 +50
+4.276300 +496.472500 -2585.306700 +1243.040300 -16.408600 -1.355100 +90.000000 +22 +50
+4.423700 +584.583100 -2495.771000 +1231.789100 -12.373500 -1.271200 +90.000000 +22 +50
+4.571200 +676.873700 -2411.853800 +1215.420600 -8.355200 -0.823300 +90.000000 +22 +50
+4.718600 +775.047100 -2340.811100 +1199.082500 -4.389800 -0.399500 +90.000000 +22 +50
+4.866100 +880.726000 -2288.197500 +1192.128100 -0.544000 -0.723900 +90.000000 +22 +50
+5.013600 +993.777300 -2256.520400 +1202.270300 +3.085700 -1.950300 +90.000000 +22 +50
+5.161000 +1110.723100 -2243.917300 +1229.727800 +6.395100 -3.926900 +90.000000 +22 +50
+5.308500 +1223.345400 -2243.068000 +1261.755200 +9.314000 -5.924700 +90.000000 +22 +50
+5.455900 +1321.413500 -2245.837300 +1280.873400 +11.840400 -6.549200 +90.000000 +22 +50
+5.603400 +1399.607300 -2245.839900 +1282.695100 +14.040300 -5.369800 +90.000000 +22 +50
+5.750800 +1456.707800 -2233.436100 +1269.720100 +16.012400 -2.833400 +90.000000 +22 +50
+5.898300 +1494.454700 -2197.704600 +1248.442300 +17.842100 +0.204000 +90.000000 +22 +50
+6.045800 +1516.547500 -2128.826100 +1227.230000 +19.571300 +2.768800 +90.000000 +22 +50
+6.193200 +1527.686000 -2020.517300 +1214.299800 +21.193800 +4.044700 +90.000000 +22 +50
+6.340700 +1532.712500 -1872.797700 +1215.754000 +22.672000 +3.328300 +90.000000 +22 +50
+6.488100 +1535.785200 -1694.963500 +1233.566800 +23.964100 +0.550700 +90.000000 +22 +50
+6.635600 +1539.683700 -1507.599000 +1264.669400 +25.051500 -3.515700 +90.000000 +22 +50
+6.783100 +1546.219100 -1334.843300 +1305.510600 +25.947500 -7.782900 +90.000000 +22 +50
+6.930500 +1555.733400 -1195.980700 +1348.796500 +26.680500 -11.620200 +90.000000 +22 +50
+7.078000 +1567.239100 -1105.025200 +1383.472300 +27.253200 -14.752700 +90.000000 +22 +50
+7.225400 +1579.027100 -1070.802900 +1397.717300 +27.596400 -16.572900 +90.000000 +22 +50
+7.372900 +1589.134300 -1096.950000 +1382.161800 +27.541400 -16.621400 +90.000000 +22 +50
+7.520300 +1595.716900 -1181.976000 +1332.977900 +26.841600 -14.805600 +90.000000 +22 +50
+7.667800 +1597.533500 -1319.564000 +1254.667100 +25.256300 -11.152800 +90.000000 +22 +50
+7.815300 +1594.529200 -1499.729700 +1161.617900 +22.662600 -6.502900 +90.000000 +22 +50
+7.962700 +1587.719500 -1711.960200 +1067.534900 +19.121000 -2.142500 +90.000000 +22 +50
+8.110200 +1578.929500 -1933.329300 +981.993700 +14.845000 +0.870100 +90.000000 +22 +50
+8.257600 +1570.389000 -2131.134500 +913.359000 +10.100000 +1.338900 +90.000000 +22 +50
+8.405100 +1564.125000 -2275.531800 +866.971400 +5.108600 -1.374200 +90.000000 +22 +50
+8.552500 +1561.339500 -2351.524900 +843.358200 +0.011800 -5.643900 +90.000000 +22 +50
+8.700000 +1561.634000 -2370.323600 +836.462500 -5.117100 -10.000000 +90.000000 +22 +50
[END]


true
stable state found
Calculation time[s] 554.378464
LimitWaterLVL[m] 0.400000
WaterLVL at time zero[m] -0.068387
Timestep[s] | HighestPointXYZ[m] | AngleToY[°] | Distance[m] | AngleX[°] | AngleY[°]
0.000000 0.060993 0.060993 -0.060993 0.019634 -0.060993 -0.000026 -0.000008
0.147500 0.031106 0.003620 -0.000533 83.361276 0.386910 -14.500790 0.158591
0.295000 -0.077067 0.010664 0.029359 277.878214 0.378501 -36.670208 1.224198
0.442500 -0.077131 0.002125 0.023412 271.577778 0.384268 -30.739410 -0.213810
0.590000 0.059315 0.007538 0.008300 82.757330 0.384352 -7.141350 0.262092
0.737500 0.014779 0.046371 0.001994 17.677711 0.398242 0.293839 0.473698
0.885000 -0.058285 -0.017141 0.005040 253.611950 0.385253 2.746896 -1.856496
1.032500 0.046375 -0.041432 0.009050 131.777791 0.392156 19.860517 -1.327314
1.180000 0.073874 0.002037 0.021392 88.420373 0.385588 30.856066 0.140535
1.327500 -0.023733 -0.043741 -0.002190 208.483655 0.385766 21.978694 -1.159011
1.475000 -0.051715 -0.003714 -0.004169 265.891818 0.384809 14.422895 -0.165194
1.622500 -0.029397 0.036428 -0.003247 321.096540 0.392799 19.375842 2.940241
1.770000 0.064219 0.012534 0.012991 78.956307 0.392340 19.075730 4.288265
1.917500 -0.051719 0.018243 0.000228 289.429499 0.391967 6.742704 4.419169
2.065000 -0.054633 -0.007651 0.002219 262.027427 0.390317 2.750840 3.239241
2.212500 0.035080 0.031189 0.006032 48.360369 0.396058 12.300872 3.907522
2.360000 0.039215 0.037308 0.006264 46.427550 0.396294 9.875462 4.402722
2.507500 -0.060327 -0.012788 0.003848 258.031717 0.390816 0.057102 0.027206
2.655000 -0.053641 0.010074 0.000760 280.636487 0.396404 2.733491 0.166423
2.802500 0.038778 -0.011882 0.002711 107.035633 0.397966 4.647573 0.782935
2.950000 -0.044707 -0.046770 0.005454 223.708078 0.394462 -4.522077 -3.230028
3.097500 -0.051556 -0.026437 0.009528 242.852056 0.391281 -9.148166 -5.073794
3.245000 -0.049727 -0.038093 0.004521 232.546347 0.396733 -3.545730 -2.858063
3.392500 -0.059034 -0.019512 0.002681 251.710174 0.398364 -1.956926 -2.799185
3.540000 -0.039849 -0.052193 0.010572 217.361487 0.389810 -6.078724 -7.863896
3.687500 -0.044603 -0.050344 0.011785 221.539806 0.387671 -4.596738 -10.447587
3.835000 -0.006958 -0.060293 0.006709 186.582991 0.392365 1.977458 -7.222255
3.982500 -0.018998 -0.060476 0.004559 197.439650 0.394015 1.377525 -5.282762
4.130000 -0.043958 -0.046435 0.007007 223.430342 0.391372 -2.545429 -5.977038
4.277500 -0.037445 -0.046298 0.002186 218.965317 0.396296 -0.012101 -0.848073
4.425000 0.035954 0.046821 0.003842 37.520777 0.397365 2.921256 4.030799
4.572500 -0.034436 0.031102 0.002880 312.087802 0.397237 -1.457086 3.620596
4.720000 -0.043120 0.004359 0.002958 275.772419 0.396936 -3.365973 2.378201
4.867500 -0.005179 0.061840 0.006749 355.212719 0.393928 0.034863 6.400703
5.015000 -0.011240 0.044605 0.006541 345.856360 0.394572 0.419589 7.666709
5.162500 -0.011126 -0.054116 -0.001021 191.617860 0.396298 3.707480 1.690000
5.310000 0.036622 -0.047099 0.003366 142.133018 0.390439 10.560231 -0.357746
5.457500 0.042124 -0.039023 0.004174 132.811530 0.389520 13.939986 1.091723
5.605000 0.028670 -0.057473 0.003795 153.488009 0.389395 11.654778 -1.136273
5.752500 0.034620 -0.053292 0.010047 146.991100 0.386967 8.993838 -8.417735
5.900000 0.011203 -0.063859 0.011877 170.049663 0.388346 4.261419 -10.982651
6.047500 0.001740 -0.064257 0.009801 178.448878 0.392847 -0.584281 -8.696746
6.195000 0.010931 -0.062140 0.011191 170.023168 0.392238 -2.152248 -9.846748
6.342500 0.004205 -0.062531 0.011960 176.152843 0.391024 -3.394909 -11.470540
6.490000 0.008472 -0.062771 0.005061 172.313421 0.395528 -1.150492 -4.341454
6.637500 0.002574 0.063983 0.007070 2.303735 0.396085 3.249260 5.917141
6.785000 -0.003202 0.066003 0.011733 357.222590 0.393626 6.373493 10.323440
6.932500 0.036194 -0.038450 -0.006437 136.731150 0.389567 11.418530 11.210631
7.080000 0.007308 0.068792 0.021873 6.063975 0.382804 15.185010 17.134000
7.227500 0.025690 0.064159 0.027057 21.821731 0.374622 16.547487 22.162524
7.375000 0.049243 0.047947 0.018279 45.763977 0.377520 18.800847 19.303763
7.522500 0.035760 0.056553 0.016812 32.306281 0.383726 17.110870 15.741563
7.670000 0.041344 0.051653 0.012443 38.674415 0.389455 12.294274 14.073415
7.817500 0.015588 0.053559 0.008481 16.227295 0.394977 7.699401 9.625098
7.965000 0.007718 0.062125 0.003665 7.081765 0.398385 2.602967 4.542156
8.112500 -0.027772 -0.062587 0.004182 203.928504 0.396757 -1.635651 -4.668752
8.260000 -0.017412 -0.069237 0.017135 194.116184 0.384424 -2.067231 -15.705080
8.407500 0.005842 -0.067465 0.019257 175.050929 0.379106 -0.696263 -18.442370
8.555000 -0.014082 -0.066463 0.017682 191.962758 0.373849 4.939537 -14.620930