[HEADER]
  GEAR_NOMINAL_VEL = 1.000000
  SAMPLING_MODE = CARTESIAN
  CRC = 4230818067
[RECORDS]
+0.000000 -1518.572600 -2138.653400 +1244.170800 -69.997600 +0.000000 +90.000000 +22 +50
+0.147500 -1509.285200 -2138.786800 +1247.564900 -69.292300 +11.170900 +90.000000 +22 +50
+0.294900 -1456.915700 -2140.531100 +1265.977000 -68.584600 +12.102500 +90.000000 +22 +50
+0.442400 -1345.766000 -2144.288900 +1304.858600 -67.876300 +10.175200 +90.000000 +22 +50
+0.589800 -1182.051100 -2149.441400 +1361.488300 -67.167000 +5.399700 +90.000000 +22 +50
+0.737300 -985.510500 -2154.756000 +1427.244800 -66.455600 -0.942700 +90.000000 +22 +50
+0.884700 -780.962800 -2158.820100 +1489.786100 -65.740700 -6.743700 +90.000000 +22 +50
+1.032200 -589.513600 -2160.517200 +1535.414100 -65.021100 -10.522700 +90.000000 +22 +50
+1.179700 -421.776700 -2159.129600 +1554.279400 -64.295100 -12.498800 +90.000000 +22 +50
+1.327100 -284.540100 -2154.317900 +1549.144800 -63.559900 -12.857600 +90.000000 +22 +50
+1.474600 -179.687700 -2148.280300 +1521.183200 -62.808300 -11.899200 +90.000000 +22 +50
+1.622000 -103.825300 -2145.214900 +1468.506700 -62.023900 -10.087700 +90.000000 +22 +50
+1.769500 -50.641300 -2149.955300 +1390.537900 -61.179500 -7.988700 +90.000000 +22 +50
+1.916900 -13.343800 -2166.732800 +1292.550400 -60.241700 -6.385400 +90.000000 +22 +50
+2.064400 +12.810500 -2198.286000 +1190.186600 -59.181900 -5.715400 +90.000000 +22 +50
+2.211900 +28.407100 -2245.594100 +1108.669400 -57.987100 -5.380100 +90.000000 +22 +50
+2.359300 +32.992700 -2308.009800 +1063.898900 -56.658200 -4.909000 +90.000000 +22 +50
+2.506800 +28.904600 -2382.328300 +1058.569600 -55.191500 -4.047800 +90.000000 +22 +50
+2.654200 +20.578400 -2463.438300 +1086.561900 -53.551900 -2.788300 +90.000000 +22 +50
+2.801700 +13.379900 -2545.455900 +1136.578000 -51.660900 -1.368400 +90.000000 +22 +50
+2.949200 +12.494800 -2622.762900 +1195.558300 -49.416500 -0.082400 +90.000000 +22 +50
+3.096600 +21.893100 -2690.913900 +1251.958500 -46.739900 +0.843900 +90.000000 +22 +50
+3.244100 +44.174000 -2748.104000 +1296.667300 -43.621400 +1.257000 +90.000000 +22 +50
+3.391500 +80.591000 -2792.644600 +1323.052600 -40.128500 +1.045600 +90.000000 +22 +50
+3.539000 +130.216200 -2819.827300 +1329.740000 -36.373700 +0.358900 +90.000000 +22 +50
+3.686400 +190.720000 -2823.914400 +1319.633700 -32.466900 -0.460900 +90.000000 +22 +50
+3.833900 +259.295400 -2800.441400 +1298.575100 -28.485800 -1.085500 +90.000000 +22 +50
+3.981400 +333.565500 -2748.454700 +1274.048900 -24.472200 -1.338200 +90.000000 +22 +50
+4.128800 +412.465300 -2672.818700 +1253.953100 -20.444000 -1.355900 +90.000000 +22 +50
+4.276300 +496.472500 -2585.306700 +1243.040300 -16.408600 -1.355100 +90.000000 +22 +50
+4.423700 +584.583100 -2495.771000 +1231.789100 -12.373500 -1.271200 +90.000000 +22 +50
+4.571200 +676.873700 -2411.853800 +1215.420600 -8.355200 -0.823300 +90.000000 +22 +50
+4.718600 +775.047100 -2340.811100 +1199.082500 -4.389800 -0.399500 +90.000000 +22 +50
+4.866100 +880.726000 -2288.197500 +1192.128100 -0.544000 -0.723900 +90.000000 +22 +50
+5.013600 +993.777300 -2256.520400 +1202.270300 +3.085700 -1.950300 +90.000000 +22 +50
+5.161000 +1110.723100 -2243.917300 +1229.727800 +6.395100 -3.926900 +90.000000 +22 +50
+5.308500 +1223.345400 -2243.068000 +1261.755200 +9.314000 -5.924700 +90.000000 +22 +50
+5.455900 +1321.413500 -2245.837300 +1280.873400 +11.840400 -6.549200 +90.000000 +22 +50
+5.603400 +1399.607300 -2245.839900 +1282.695100 +14.040300 -5.369800 +90.000000 +22 +50
+5.750800 +1456.707800 -2233.436100 +1269.720100 +16.012400 -2.833400 +90.000000 +22 +50
+5.898300 +1494.454700 -2197.704600 +1248.442300 +17.842100 +0.204000 +90.000000 +22 +50
+6.045800 +1516.547500 -2128.826100 +1227.230000 +19.571300 +2.768800 +90.000000 +22 +50
+6.193200 +1527.686000 -2020.517300 +1214.299800 +21.193800 +4.044700 +90.000000 +22 +50
+6.340700 +1532.712500 -1872.797700 +1215.754000 +22.672000 +3.328300 +90.000000 +22 +50
+6.488100 +1535.785200 -1694.963500 +1233.566800 +23.964100 +0.550700 +90.000000 +22 +50
+6.635600 +1539.683700 -1507.599000 +1264.669400 +25.051500 -3.515700 +90.000000 +22 +50
+6.783100 +1546.219100 -1334.843300 +1305.510600 +25.947500 -7.782900 +90.000000 +22 +50
+6.930500 +1555.733400 -1195.980700 +1348.796500 +26.680500 -11.620200 +90.000000 +22 +50
+7.078000 +1567.239100 -1105.025200 +1383.472300 +27.253200 -14.752700 +90.000000 +22 +50
+7.225400 +1579.027100 -1070.802900 +1397.717300 +27.596400 -16.572900 +90.000000 +22 +50
+7.372900 +1589.134300 -1096.950000 +1382.161800 +27.541400 -16.621400 +90.000000 +22 +50
+7.520300 +1595.716900 -1181.976000 +1332.977900 +26.841600 -14.805600 +90.000000 +22 +50
+7.667800 +1597.533500 -1319.564000 +1254.667100 +25.256300 -11.152800 +90.000000 +22 +50
+7.815300 +1594.529200 -1499.729700 +1161.617900 +22.662600 -6.502900 +90.000000 +22 +50
+7.962700 +1587.719500 -1711.960200 +1067.534900 +19.121000 -2.142500 +90.000000 +22 +50
+8.110200 +1578.929500 -1933.329300 +981.993700 +14.845000 +0.870100 +90.000000 +22 +50
+8.257600 +1570.389000 -2131.134500 +913.359000 +10.100000 +1.338900 +90.000000 +22 +50
+8.405100 +1564.125000 -2275.531800 +866.971400 +5.108600 -1.374200 +90.000000 +22 +50
+8.552500 +1561.339500 -2351.524900 +843.358200 +0.011800 -5.643900 +90.000000 +22 +50
+8.700000 +1561.634000 -2370.323600 +836.462500 -5.117100 -10.000000 +90.000000 +22 +50
[END]


true
stable state found
Calculation time[s] 603.123474
LimitWaterLVL[m] 0.400000
WaterLVL at time zero[m] -0.068387
Timestep[s] | HighestPointXYZ[m] | AngleToY[°] | Distance[m] | AngleX[°] | AngleY[°]
0.000000 0.060993 0.060993 -0.060993 0.019634 -0.060993 -0.000026 -0.000008
0.147500 0.031106 0.003620 -0.000533 83.361276 0.386910 -14.458266 0.161576
0.295000 -0.065418 0.033677 0.026900 297.239388 0.378345 -36.683946 1.260895
0.442500 -0.077630 0.001063 0.021712 270.784479 0.386037 -29.862606 -0.333268
0.590000 0.055585 0.007107 0.010518 82.713309 0.382497 -5.475140 0.354622
0.737500 0.007358 0.043876 0.003446 9.519954 0.396666 -1.285355 0.342335
0.885000 -0.053027 -0.026432 0.007373 243.505354 0.383471 1.729081 -1.976902
1.032500 0.053899 -0.039377 0.012392 126.150957 0.390272 21.482170 -1.092920
1.180000 0.073564 -0.006283 0.021403 94.881552 0.385331 31.700935 0.408845
1.327500 -0.032253 -0.040342 -0.000368 218.642172 0.382191 20.172138 -1.449285
1.475000 -0.038015 -0.010128 -0.000961 255.081154 0.384307 13.291850 -0.309456
1.622500 0.046443 0.042146 0.012031 47.777220 0.391052 21.208634 3.038226
1.770000 0.065389 0.004894 0.013155 85.719556 0.392175 19.825515 4.481770
1.917500 -0.057469 0.010060 0.001316 279.929462 0.390101 4.520935 4.136205
2.065000 -0.061263 -0.009427 0.001876 261.252081 0.389976 2.693884 3.020835
2.212500 0.054170 0.021149 0.009536 68.673379 0.394125 14.439089 4.168977
2.360000 -0.026265 0.037926 0.002564 325.296127 0.394540 8.643706 4.054978
2.507500 -0.060277 -0.022229 0.006100 249.756994 0.388403 -1.382765 -0.535383
2.655000 -0.057281 0.010486 -0.001113 280.373841 0.398110 4.522786 0.722296
2.802500 0.052538 0.012714 0.004738 76.396167 0.396436 5.117660 1.135139
2.950000 -0.044807 -0.047138 0.008874 223.547742 0.391042 -6.777731 -4.235886
3.097500 -0.049446 -0.044145 0.009573 228.241773 0.391310 -9.254829 -4.911199
3.245000 0.051623 0.030498 0.000565 59.426121 0.398027 -1.258823 -1.899205
3.392500 -0.055914 -0.027171 0.002617 244.082904 0.398448 -2.155758 -2.841623
3.540000 -0.058889 -0.034127 0.012648 239.907108 0.387770 -8.479474 -8.910797
3.687500 -0.011693 -0.059984 0.010232 191.030639 0.389387 -3.506755 -10.440049
3.835000 0.002552 -0.055022 0.004955 177.344442 0.394320 3.668163 -5.551264
3.982500 -0.033998 -0.054478 0.005612 211.966985 0.392816 0.196196 -5.577615
4.130000 -0.029508 -0.056926 0.009360 207.400289 0.389052 -3.330468 -7.924394
4.277500 -0.039625 -0.048814 0.000479 219.068132 0.397924 0.871573 0.678935
4.425000 0.024094 0.058403 0.005302 22.418463 0.395981 3.627726 5.421199
4.572500 -0.054406 -0.013127 0.002546 256.435022 0.396876 -2.516772 1.687871
4.720000 -0.046860 0.004608 0.003064 275.616151 0.396821 -3.589875 1.504810
4.867500 0.002981 0.057846 0.008572 2.950041 0.392094 1.116095 8.652159
5.015000 -0.005840 0.049094 0.006706 353.216286 0.394607 -0.028215 7.498685
5.162500 0.003614 -0.061127 0.001814 176.616451 0.393240 3.170363 -0.503653
5.310000 0.037542 -0.037633 0.003439 135.069357 0.391344 11.632701 0.339056
5.457500 0.033564 -0.048803 0.001149 145.481961 0.391282 13.865486 3.543922
5.605000 0.034720 -0.054306 0.004462 147.407590 0.389085 11.493703 -2.283076
5.752500 0.034730 -0.053390 0.011779 146.956145 0.385233 9.337904 -10.289762
5.900000 0.033183 -0.052035 0.009993 147.474123 0.390185 3.836473 -9.289168
6.047500 -0.007740 -0.064663 0.008324 186.825666 0.394345 -0.263198 -7.383893
6.195000 0.019381 -0.060001 0.012401 162.098902 0.390894 -2.180300 -11.949351
6.342500 -0.004525 -0.062942 0.012464 184.112010 0.390520 -3.799324 -11.437450
6.490000 -0.036918 -0.034139 0.002166 227.239665 0.398118 -0.745944 -2.339507
6.637500 0.013884 0.037512 0.004478 20.310600 0.396994 2.817373 5.419879
6.785000 -0.012112 0.064266 0.010501 349.326848 0.394737 6.510199 8.178014
6.932500 0.040034 0.053180 0.012338 36.972500 0.389418 11.808560 12.249327
7.080000 -0.008642 0.061962 0.021576 352.060030 0.381878 14.336824 18.421371
7.227500 0.043480 0.055599 0.020748 38.026419 0.377578 17.036792 20.034887
7.375000 0.048003 0.044847 0.016089 46.946752 0.378785 19.237637 17.875526
7.522500 0.034110 0.052673 0.016392 32.926301 0.383198 16.199396 16.543422
7.670000 0.037994 0.045113 0.011782 40.103958 0.388903 12.597391 14.744978
7.817500 0.016818 0.062049 0.008430 15.165305 0.395982 8.160963 8.324142
7.965000 0.012268 0.039744 0.002253 17.154177 0.398962 1.962960 3.909854
8.112500 -0.011542 -0.068185 0.003791 189.607655 0.397210 -1.118775 -3.471949
8.260000 -0.017412 -0.069237 0.017135 194.116184 0.384424 -1.865695 -15.609042
8.407500 -0.013018 -0.068434 0.020366 190.770524 0.377859 -1.346533 -19.486739
8.555000 -0.014202 -0.066384 0.015756 192.075658 0.375769 5.320215 -13.922818