[HEADER]
  GEAR_NOMINAL_VEL = 1.000000
  SAMPLING_MODE = CARTESIAN
  CRC = 4230818067
[RECORDS]
+0.000000 -1518.572600 -2138.653400 +1244.170800 -69.997600 +0.000000 +90.000000 +22 +50
+0.147500 -1509.285200 -2138.786800 +1247.564900 -69.292300 +11.170900 +90.000000 +22 +50
+0.294900 -1456.915700 -2140.531100 +1265.977000 -68.584600 +12.102500 +90.000000 +22 +50
+0.442400 -1345.766000 -2144.288900 +1304.858600 -67.876300 +10.175200 +90.000000 +22 +50
+0.589800 -1182.051100 -2149.441400 +1361.488300 -67.167000 +5.399700 +90.000000 +22 +50
+0.737300 -985.510500 -2154.756000 +1427.244800 -66.455600 -0.942700 +90.000000 +22 +50
+0.884700 -780.962800 -2158.820100 +1489.786100 -65.740700 -6.743700 +90.000000 +22 +50
+1.032200 -589.513600 -2160.517200 +1535.414100 -65.021100 -10.522700 +90.000000 +22 +50
+1.179700 -421.776700 -2159.129600 +1554.279400 -64.295100 -12.498800 +90.000000 +22 +50
+1.327100 -284.540100 -2154.317900 +1549.144800 -63.559900 -12.857600 +90.000000 +22 +50
+1.474600 -179.687700 -2148.280300 +1521.183200 -62.808300 -11.899200 +90.000000 +22 +50
+1.622000 -103.825300 -2145.214900 +1468.506700 -62.023900 -10.087700 +90.000000 +22 +50
+1.769500 -50.641300 -2149.955300 +1390.537900 -61.179500 -7.988700 +90.000000 +22 +50
+1.916900 -13.343800 -2166.732800 +1292.550400 -60.241700 -6.385400 +90.000000 +22 +50
+2.064400 +12.810500 -2198.286000 +1190.186600 -59.181900 -5.715400 +90.000000 +22 +50
+2.211900 +28.407100 -2245.594100 +1108.669400 -57.987100 -5.380100 +90.000000 +22 +50
+2.359300 +32.992700 -2308.009800 +1063.898900 -56.658200 -4.909000 +90.000000 +22 +50
+2.506800 +28.904600 -2382.328300 +1058.569600 -55.191500 -4.047800 +90.000000 +22 +50
+2.654200 +20.578400 -2463.438300 +1086.561900 -53.551900 -2.788300 +90.000000 +22 +50
+2.801700 +13.379900 -2545.455900 +1136.578000 -51.660900 -1.368400 +90.000000 +22 +50
+2.949200 +12.494800 -2622.762900 +1195.558300 -49.416500 -0.082400 +90.000000 +22 +50
+3.096600 +21.893100 -2690.913900 +1251.958500 -46.739900 +0.843900 +90.000000 +22 +50
+3.244100 +44.174000 -2748.104000 +1296.667300 -43.621400 +1.257000 +90.000000 +22 +50
+3.391500 +80.591000 -2792.644600 +1323.052600 -40.128500 +1.045600 +90.000000 +22 +50
+3.539000 +130.216200 -2819.827300 +1329.740000 -36.373700 +0.358900 +90.000000 +22 +50
+3.686400 +190.720000 -2823.914400 +1319.633700 -32.466900 -0.460900 +90.000000 +22 +50
+3.833900 +259.295400 -2800.441400 +1298.575100 -28.485800 -1.085500 +90.000000 +22 +50
+3.981400 +333.565500 -2748.454700 +1274.048900 -24.472200 -1.338200 +90.000000 +22 +50
+4.128800 +412.465300 -2672.818700 +1253.953100 -20.444000 -1.355900 +90.000000 +22 +50
+4.276300 +496.472500 -2585.306700 +1243.040300 -16.408600 -1.355100 +90.000000 +22 +50
+4.423700 +584.583100 -2495.771000 +1231.789100 -12.373500 -1.271200 +90.000000 +22 +50
+4.571200 +676.873700 -2411.853800 +1215.420600 -8.355200 -0.823300 +90.000000 +22 +50
+4.718600 +775.047100 -2340.811100 +1199.082500 -4.389800 -0.399500 +90.000000 +22 +50
+4.866100 +880.726000 -2288.197500 +1192.128100 -0.544000 -0.723900 +90.000000 +22 +50
+5.013600 +993.777300 -2256.520400 +1202.270300 +3.085700 -1.950300 +90.000000 +22 +50
+5.161000 +1110.723100 -2243.917300 +1229.727800 +6.395100 -3.926900 +90.000000 +22 +50
+5.308500 +1223.345400 -2243.068000 +1261.755200 +9.314000 -5.924700 +90.000000 +22 +50
+5.455900 +1321.413500 -2245.837300 +1280.873400 +11.840400 -6.549200 +90.000000 +22 +50
+5.603400 +1399.607300 -2245.839900 +1282.695100 +14.040300 -5.369800 +90.000000 +22 +50
+5.750800 +1456.707800 -2233.436100 +1269.720100 +16.012400 -2.833400 +90.000000 +22 +50
+5.898300 +1494.454700 -2197.704600 +1248.442300 +17.842100 +0.204000 +90.000000 +22 +50
+6.045800 +1516.547500 -2128.826100 +1227.230000 +19.571300 +2.768800 +90.000000 +22 +50
+6.193200 +1527.686000 -2020.517300 +1214.299800 +21.193800 +4.044700 +90.000000 +22 +50
+6.340700 +1532.712500 -1872.797700 +1215.754000 +22.672000 +3.328300 +90.000000 +22 +50
+6.488100 +1535.785200 -1694.963500 +1233.566800 +23.964100 +0.550700 +90.000000 +22 +50
+6.635600 +1539.683700 -1507.599000 +1264.669400 +25.051500 -3.515700 +90.000000 +22 +50
+6.783100 +1546.219100 -1334.843300 +1305.510600 +25.947500 -7.782900 +90.000000 +22 +50
+6.930500 +1555.733400 -1195.980700 +1348.796500 +26.680500 -11.620200 +90.000000 +22 +50
+7.078000 +1567.239100 -1105.025200 +1383.472300 +27.253200 -14.752700 +90.000000 +22 +50
+7.225400 +1579.027100 -1070.802900 +1397.717300 +27.596400 -16.572900 +90.000000 +22 +50
+7.372900 +1589.134300 -1096.950000 +1382.161800 +27.541400 -16.621400 +90.000000 +22 +50
+7.520300 +1595.716900 -1181.976000 +1332.977900 +26.841600 -14.805600 +90.000000 +22 +50
+7.667800 +1597.533500 -1319.564000 +1254.667100 +25.256300 -11.152800 +90.000000 +22 +50
+7.815300 +1594.529200 -1499.729700 +1161.617900 +22.662600 -6.502900 +90.000000 +22 +50
+7.962700 +1587.719500 -1711.960200 +1067.534900 +19.121000 -2.142500 +90.000000 +22 +50
+8.110200 +1578.929500 -1933.329300 +981.993700 +14.845000 +0.870100 +90.000000 +22 +50
+8.257600 +1570.389000 -2131.134500 +913.359000 +10.100000 +1.338900 +90.000000 +22 +50
+8.405100 +1564.125000 -2275.531800 +866.971400 +5.108600 -1.374200 +90.000000 +22 +50
+8.552500 +1561.339500 -2351.524900 +843.358200 +0.011800 -5.643900 +90.000000 +22 +50
+8.700000 +1561.634000 -2370.323600 +836.462500 -5.117100 -10.000000 +90.000000 +22 +50
[END]


true
stable state found
Calculation time[s] 632.921506
LimitWaterLVL[m] 0.400000
WaterLVL at time zero[m] -0.068387
Timestep[s] | HighestPointXYZ[m] | AngleToY[°] | Distance[m] | AngleX[°] | AngleY[°]
0.000000 0.060993 0.060993 -0.060993 0.019634 -0.060993 -0.000026 -0.000008
0.147500 0.031106 0.003620 -0.000533 83.361276 0.386910 -14.409000 0.115653
0.295000 -0.065418 0.033677 0.026900 297.239388 0.378345 -36.767663 1.308345
0.442500 -0.077630 0.001063 0.021712 270.784479 0.386037 -29.245071 -0.403322
0.590000 0.059887 0.007599 0.012012 82.768255 0.380602 -4.762920 0.353814
0.737500 -0.016156 0.041129 0.003182 338.554651 0.396541 -1.898631 0.388298
0.885000 -0.055914 -0.018385 0.008927 251.798879 0.381659 1.005637 -2.068597
1.032500 0.050830 -0.038650 0.013459 127.248336 0.388676 22.542404 -0.996746
1.180000 0.077624 0.002026 0.023900 88.504983 0.383946 32.488727 0.659116
1.327500 -0.032693 -0.040550 0.001300 218.877467 0.380462 19.094721 -1.614889
1.475000 -0.054065 -0.004959 -0.004174 264.759432 0.384301 12.634608 -0.244007
1.622500 0.060873 0.035457 0.016414 59.780411 0.389077 22.727234 3.660014
1.770000 0.038939 0.007043 0.009585 79.747305 0.392124 20.312032 4.567133
1.917500 -0.049809 0.025878 0.005694 297.453765 0.386888 2.754365 3.896985
2.065000 -0.061263 -0.009427 0.001876 261.252081 0.389976 2.575218 2.888017
2.212500 0.070620 0.009022 0.014328 82.719901 0.390626 16.202601 4.687998
2.360000 -0.042475 0.032878 0.002912 307.741853 0.392744 7.582679 3.719236
2.507500 -0.060447 -0.021911 0.007940 250.075289 0.386562 -2.768455 -1.163408
2.655000 0.039679 0.045172 0.005328 41.296011 0.396678 6.544099 1.397326
2.802500 0.034038 -0.032558 0.002604 133.726894 0.397810 5.648066 1.309982
2.950000 -0.055067 -0.035538 0.012407 237.163449 0.387501 -8.971865 -4.942400
3.097500 -0.065826 -0.005542 0.008048 265.187523 0.392832 -8.899363 -4.948086
3.245000 0.048163 0.028520 0.004074 59.367857 0.394606 0.888814 -1.544690
3.392500 -0.010274 -0.047169 0.003583 192.287818 0.396942 -3.010827 -2.666822
3.540000 -0.051509 -0.039667 0.016189 232.400189 0.384210 -10.413622 -10.279107
3.687500 -0.011693 -0.059984 0.010232 191.030639 0.389387 -2.035663 -10.093291
3.835000 -0.012038 -0.056548 0.002843 192.017789 0.396205 5.028501 -3.793326
3.982500 -0.002388 -0.060556 0.006780 182.258264 0.392064 -1.510677 -6.696524
4.130000 -0.038718 -0.053836 0.011222 215.723091 0.387105 -4.020078 -9.222005
4.277500 0.053465 0.035296 0.004275 56.568396 0.397037 2.454939 2.504751
4.425000 0.005394 0.042269 0.005012 7.272281 0.395747 3.549290 6.169236
4.572500 -0.050236 -0.037484 0.004319 233.271241 0.394824 -3.752622 -0.531759
4.720000 -0.046860 0.004608 0.003064 275.616151 0.396821 -3.232398 1.668288
4.867500 0.029591 0.062475 0.012672 25.344327 0.388168 2.025533 10.960195
5.015000 -0.026170 0.036570 0.006064 324.412261 0.394639 -0.894939 6.116572
5.162500 -0.012856 -0.058838 0.004058 192.325321 0.390888 2.961674 -2.353887
5.310000 0.044682 -0.027680 0.004010 121.777752 0.391923 12.287332 2.665899
5.457500 0.039714 -0.045559 0.000113 138.921180 0.392777 13.653395 4.975497
5.605000 0.028000 -0.060740 0.007415 155.251185 0.385480 11.278645 -5.078397
5.752500 0.027650 -0.060266 0.013127 155.354375 0.383524 9.334524 -11.361579
5.900000 0.037913 -0.047493 0.006632 141.400121 0.393530 3.646485 -6.510490
6.047500 -0.007740 -0.064663 0.008324 186.825666 0.394345 -0.127757 -7.240580
6.195000 0.002171 -0.066468 0.015507 178.129243 0.388226 -2.286723 -14.735822
6.342500 -0.013565 -0.062867 0.011025 192.176205 0.391928 -3.630985 -10.102415
6.490000 -0.017328 0.064318 0.000297 344.921864 0.399056 -0.693996 0.120768
6.637500 -0.038286 -0.010185 0.001196 255.102959 0.397638 2.580726 3.344744
6.785000 0.025188 -0.044086 -0.004113 150.259038 0.394099 7.202246 6.787361
6.932500 0.006854 0.069847 0.018528 5.604421 0.387466 11.568604 14.780943
7.080000 0.008408 0.066242 0.022631 7.233787 0.381392 13.890829 19.169172
7.227500 0.053580 0.031159 0.010854 59.820217 0.379770 18.217374 16.876440
7.375000 0.049873 0.047767 0.016593 46.235623 0.379061 18.816247 17.725935
7.522500 0.042570 0.053503 0.018641 38.507734 0.380977 15.603557 19.494580
7.670000 0.040244 0.048516 0.012087 39.675691 0.389219 13.454764 13.981509
7.817500 0.025308 -0.044286 -0.004612 150.253447 0.396866 8.072423 6.124668
7.965000 -0.015952 0.051148 0.002942 342.678383 0.398683 1.403357 4.750276
8.112500 -0.027122 -0.059364 0.002348 204.554534 0.398541 -0.278596 -2.349099
8.260000 -0.017672 -0.069149 0.019047 194.335854 0.382512 -2.169962 -17.265901
8.407500 -0.013018 -0.068434 0.020366 190.770524 0.377859 -1.922901 -19.694852
8.555000 -0.014202 -0.066384 0.015756 192.075658 0.375769 5.979396 -12.604878