[HEADER]
  GEAR_NOMINAL_VEL = 1.000000
  SAMPLING_MODE = CARTESIAN
  CRC = 4230818067
[RECORDS]
+0.000000 -1518.572600 -2138.653400 +1244.170800 -69.997600 +0.000000 +90.000000 +22 +50
+0.147500 -1509.285200 -2138.786800 +1247.564900 -69.292300 +11.170900 +90.000000 +22 +50
+0.294900 -1456.915700 -2140.531100 +1265.977000 -68.584600 +12.102500 +90.000000 +22 +50
+0.442400 -1345.766000 -2144.288900 +1304.858600 -67.876300 +10.175200 +90.000000 +22 +50
+0.589800 -1182.051100 -2149.441400 +1361.488300 -67.167000 +5.399700 +90.000000 +22 +50
+0.737300 -985.510500 -2154.756000 +1427.244800 -66.455600 -0.942700 +90.000000 +22 +50
+0.884700 -780.962800 -2158.820100 +1489.786100 -65.740700 -6.743700 +90.000000 +22 +50
+1.032200 -589.513600 -2160.517200 +1535.414100 -65.021100 -10.522700 +90.000000 +22 +50
+1.179700 -421.776700 -2159.129600 +1554.279400 -64.295100 -12.498800 +90.000000 +22 +50
+1.327100 -284.540100 -2154.317900 +1549.144800 -63.559900 -12.857600 +90.000000 +22 +50
+1.474600 -179.687700 -2148.280300 +1521.183200 -62.808300 -11.899200 +90.000000 +22 +50
+1.622000 -103.825300 -2145.214900 +1468.506700 -62.023900 -10.087700 +90.000000 +22 +50
+1.769500 -50.641300 -2149.955300 +1390.537900 -61.179500 -7.988700 +90.000000 +22 +50
+1.916900 -13.343800 -2166.732800 +1292.550400 -60.241700 -6.385400 +90.000000 +22 +50
+2.064400 +12.810500 -2198.286000 +1190.186600 -59.181900 -5.715400 +90.000000 +22 +50
+2.211900 +28.407100 -2245.594100 +1108.669400 -57.987100 -5.380100 +90.000000 +22 +50
+2.359300 +32.992700 -2308.009800 +1063.898900 -56.658200 -4.909000 +90.000000 +22 +50
+2.506800 +28.904600 -2382.328300 +1058.569600 -55.191500 -4.047800 +90.000000 +22 +50
+2.654200 +20.578400 -2463.438300 +1086.561900 -53.551900 -2.788300 +90.000000 +22 +50
+2.801700 +13.379900 -2545.455900 +1136.578000 -51.660900 -1.368400 +90.000000 +22 +50
+2.949200 +12.494800 -2622.762900 +1195.558300 -49.416500 -0.082400 +90.000000 +22 +50
+3.096600 +21.893100 -2690.913900 +1251.958500 -46.739900 +0.843900 +90.000000 +22 +50
+3.244100 +44.174000 -2748.104000 +1296.667300 -43.621400 +1.257000 +90.000000 +22 +50
+3.391500 +80.591000 -2792.644600 +1323.052600 -40.128500 +1.045600 +90.000000 +22 +50
+3.539000 +130.216200 -2819.827300 +1329.740000 -36.373700 +0.358900 +90.000000 +22 +50
+3.686400 +190.720000 -2823.914400 +1319.633700 -32.466900 -0.460900 +90.000000 +22 +50
+3.833900 +259.295400 -2800.441400 +1298.575100 -28.485800 -1.085500 +90.000000 +22 +50
+3.981400 +333.565500 -2748.454700 +1274.048900 -24.472200 -1.338200 +90.000000 +22 +50
+4.128800 +412.465300 -2672.818700 +1253.953100 -20.444000 -1.355900 +90.000000 +22 +50
+4.276300 +496.472500 -2585.306700 +1243.040300 -16.408600 -1.355100 +90.000000 +22 +50
+4.423700 +584.583100 -2495.771000 +1231.789100 -12.373500 -1.271200 +90.000000 +22 +50
+4.571200 +676.873700 -2411.853800 +1215.420600 -8.355200 -0.823300 +90.000000 +22 +50
+4.718600 +775.047100 -2340.811100 +1199.082500 -4.389800 -0.399500 +90.000000 +22 +50
+4.866100 +880.726000 -2288.197500 +1192.128100 -0.544000 -0.723900 +90.000000 +22 +50
+5.013600 +993.777300 -2256.520400 +1202.270300 +3.085700 -1.950300 +90.000000 +22 +50
+5.161000 +1110.723100 -2243.917300 +1229.727800 +6.395100 -3.926900 +90.000000 +22 +50
+5.308500 +1223.345400 -2243.068000 +1261.755200 +9.314000 -5.924700 +90.000000 +22 +50
+5.455900 +1321.413500 -2245.837300 +1280.873400 +11.840400 -6.549200 +90.000000 +22 +50
+5.603400 +1399.607300 -2245.839900 +1282.695100 +14.040300 -5.369800 +90.000000 +22 +50
+5.750800 +1456.707800 -2233.436100 +1269.720100 +16.012400 -2.833400 +90.000000 +22 +50
+5.898300 +1494.454700 -2197.704600 +1248.442300 +17.842100 +0.204000 +90.000000 +22 +50
+6.045800 +1516.547500 -2128.826100 +1227.230000 +19.571300 +2.768800 +90.000000 +22 +50
+6.193200 +1527.686000 -2020.517300 +1214.299800 +21.193800 +4.044700 +90.000000 +22 +50
+6.340700 +1532.712500 -1872.797700 +1215.754000 +22.672000 +3.328300 +90.000000 +22 +50
+6.488100 +1535.785200 -1694.963500 +1233.566800 +23.964100 +0.550700 +90.000000 +22 +50
+6.635600 +1539.683700 -1507.599000 +1264.669400 +25.051500 -3.515700 +90.000000 +22 +50
+6.783100 +1546.219100 -1334.843300 +1305.510600 +25.947500 -7.782900 +90.000000 +22 +50
+6.930500 +1555.733400 -1195.980700 +1348.796500 +26.680500 -11.620200 +90.000000 +22 +50
+7.078000 +1567.239100 -1105.025200 +1383.472300 +27.253200 -14.752700 +90.000000 +22 +50
+7.225400 +1579.027100 -1070.802900 +1397.717300 +27.596400 -16.572900 +90.000000 +22 +50
+7.372900 +1589.134300 -1096.950000 +1382.161800 +27.541400 -16.621400 +90.000000 +22 +50
+7.520300 +1595.716900 -1181.976000 +1332.977900 +26.841600 -14.805600 +90.000000 +22 +50
+7.667800 +1597.533500 -1319.564000 +1254.667100 +25.256300 -11.152800 +90.000000 +22 +50
+7.815300 +1594.529200 -1499.729700 +1161.617900 +22.662600 -6.502900 +90.000000 +22 +50
+7.962700 +1587.719500 -1711.960200 +1067.534900 +19.121000 -2.142500 +90.000000 +22 +50
+8.110200 +1578.929500 -1933.329300 +981.993700 +14.845000 +0.870100 +90.000000 +22 +50
+8.257600 +1570.389000 -2131.134500 +913.359000 +10.100000 +1.338900 +90.000000 +22 +50
+8.405100 +1564.125000 -2275.531800 +866.971400 +5.108600 -1.374200 +90.000000 +22 +50
+8.552500 +1561.339500 -2351.524900 +843.358200 +0.011800 -5.643900 +90.000000 +22 +50
+8.700000 +1561.634000 -2370.323600 +836.462500 -5.117100 -10.000000 +90.000000 +22 +50
[END]


true
stable state found
Calculation time[s] 641.549133
LimitWaterLVL[m] 0.400000
WaterLVL at time zero[m] -0.068387
Timestep[s] | HighestPointXYZ[m] | AngleToY[°] | Distance[m] | AngleX[°] | AngleY[°]
0.000000 0.060993 0.060993 -0.060993 0.019634 -0.060993 -0.000026 -0.000008
0.147500 0.037103 0.018390 -0.001749 63.634935 0.386906 -14.296612 0.120665
0.295000 -0.065418 0.033677 0.026900 297.239388 0.378345 -36.867361 1.352012
0.442500 -0.077630 0.001063 0.021712 270.784479 0.386037 -29.544103 -0.384327
0.590000 0.059887 0.007599 0.012012 82.768255 0.380602 -4.784295 0.351793
0.737500 0.013651 0.042975 0.003677 17.622363 0.396537 -1.850171 0.413426
0.885000 -0.059264 -0.017316 0.010385 253.712475 0.379828 1.078323 -2.089438
1.032500 0.050830 -0.038650 0.013459 127.248336 0.388676 22.624505 -0.963008
1.180000 0.073264 0.002028 0.023098 88.414339 0.383791 32.445315 0.540922
1.327500 -0.032693 -0.040550 0.001300 218.877467 0.380462 18.961027 -1.692636
1.475000 -0.048325 -0.021124 -0.003356 246.389122 0.384258 12.525133 -0.237424
1.622500 0.064043 0.035529 0.017050 60.979893 0.389002 22.870538 3.619064
1.770000 0.038939 0.007043 0.009585 79.747305 0.392124 20.394669 4.515279
1.917500 -0.055919 0.018044 0.005040 287.883720 0.386721 2.575511 3.998701
2.065000 -0.055173 0.000665 0.002225 270.690449 0.390413 2.566408 2.891477
2.212500 0.066220 0.008541 0.014075 82.650954 0.390465 16.504076 4.671826
2.360000 -0.036535 0.029708 0.003352 309.115874 0.392738 7.414761 3.699174
2.507500 -0.060447 -0.021911 0.007940 250.075289 0.386562 -2.936168 -1.262029
2.655000 0.037359 0.041875 0.005203 41.737914 0.396649 6.863408 1.580373
2.802500 0.034038 -0.032558 0.002604 133.726894 0.397810 5.786252 1.299114
2.950000 -0.061937 -0.028328 0.012526 245.422161 0.387376 -9.398050 -5.181930
3.097500 -0.065826 -0.005542 0.008048 265.187523 0.392832 -8.867483 -4.926824
3.245000 0.051633 0.021587 0.005741 67.310911 0.392939 1.497749 -0.864479
3.392500 0.001356 -0.045817 0.003414 178.304769 0.396915 -3.162082 -2.716239
3.540000 -0.049019 -0.047622 0.017987 225.828185 0.382426 -10.905060 -10.474222
3.687500 -0.011693 -0.059984 0.010232 191.030639 0.389387 -1.706836 -10.095612
3.835000 0.040172 -0.027584 0.002373 124.475339 0.397779 5.373787 -3.375579
3.982500 -0.002388 -0.060556 0.006780 182.258264 0.392064 -1.736297 -6.764113
4.130000 -0.032038 -0.058135 0.011356 208.859009 0.386996 -4.108918 -9.718815
4.277500 0.049675 0.033050 0.004261 56.363200 0.396955 2.603955 2.889973
4.425000 -0.000376 0.059242 0.006490 359.636357 0.394519 3.866883 6.545617
4.572500 -0.049136 -0.034488 0.005952 234.935419 0.393236 -4.072845 -1.054981
4.720000 -0.046860 0.004608 0.003064 275.616151 0.396821 -3.289400 1.595251
4.867500 0.021481 0.065618 0.014335 18.126607 0.386506 2.465783 11.468871
5.015000 -0.032890 0.026800 0.005910 309.174643 0.394409 -1.203197 6.035003
5.162500 -0.005496 -0.064738 0.004514 184.852549 0.390160 2.812480 -2.952903
5.310000 0.044682 -0.027680 0.004010 121.777752 0.391923 12.512521 2.890626
5.457500 0.020824 -0.056409 -0.002130 159.737823 0.393474 13.440749 5.417934
5.605000 0.028000 -0.060740 0.007415 155.251185 0.385480 11.134327 -5.575494
5.752500 0.027650 -0.060266 0.013127 155.354375 0.383524 9.431739 -11.826318
5.900000 0.037913 -0.047493 0.006632 141.400121 0.393530 3.617932 -5.849830
6.047500 -0.007740 -0.064663 0.008324 186.825666 0.394345 -0.038278 -7.093584
6.195000 0.010251 -0.065348 0.016780 171.084748 0.386889 -2.253345 -15.592631
6.342500 -0.004745 -0.066088 0.010747 184.106687 0.392416 -3.790159 -9.616169
6.490000 -0.025168 0.058840 0.002042 336.841849 0.397359 -0.638021 0.819978
6.637500 -0.032736 -0.014781 0.001632 245.699812 0.396892 2.544290 2.619521
6.785000 0.026398 -0.048167 -0.003957 151.274986 0.393378 7.175989 6.430141
6.932500 0.033194 0.059717 0.016469 29.067718 0.386840 11.594192 15.894183
7.080000 0.008408 0.066242 0.022631 7.233787 0.381392 13.705170 19.101040
7.227500 0.049810 -0.010561 -0.001305 101.970895 0.379771 18.265268 16.055984
7.375000 0.057053 0.024847 0.009696 66.466521 0.378900 18.652906 17.830127
7.522500 0.026880 0.062723 0.022113 23.197598 0.380437 15.424419 19.929434
7.670000 0.046474 0.044818 0.011601 46.039208 0.388873 13.838464 13.799011
7.817500 0.031078 -0.042306 -0.003948 143.698985 0.396400 8.040887 5.650985
7.965000 -0.008442 0.052882 0.003204 350.929923 0.398491 1.298082 5.132374
8.112500 -0.027122 -0.059364 0.002348 204.554534 0.398541 0.106118 -2.150621
8.260000 -0.009472 -0.070406 0.020540 187.662256 0.381015 -2.374025 -17.724055
8.407500 0.013942 -0.065773 0.019435 168.032078 0.379017 -1.863023 -19.789783
8.555000 -0.014202 -0.066384 0.015756 192.075658 0.375769 6.050603 -12.186306