[HEADER]
  GEAR_NOMINAL_VEL = 1.000000
  SAMPLING_MODE = CARTESIAN
  CRC = 4230818067
[RECORDS]
+0.000000 -1518.572600 -2138.653400 +1244.170800 -69.997600 +0.000000 +90.000000 +22 +50
+0.147500 -1509.285200 -2138.786800 +1247.564900 -69.292300 +11.170900 +90.000000 +22 +50
+0.294900 -1456.915700 -2140.531100 +1265.977000 -68.584600 +12.102500 +90.000000 +22 +50
+0.442400 -1345.766000 -2144.288900 +1304.858600 -67.876300 +10.175200 +90.000000 +22 +50
+0.589800 -1182.051100 -2149.441400 +1361.488300 -67.167000 +5.399700 +90.000000 +22 +50
+0.737300 -985.510500 -2154.756000 +1427.244800 -66.455600 -0.942700 +90.000000 +22 +50
+0.884700 -780.962800 -2158.820100 +1489.786100 -65.740700 -6.743700 +90.000000 +22 +50
+1.032200 -589.513600 -2160.517200 +1535.414100 -65.021100 -10.522700 +90.000000 +22 +50
+1.179700 -421.776700 -2159.129600 +1554.279400 -64.295100 -12.498800 +90.000000 +22 +50
+1.327100 -284.540100 -2154.317900 +1549.144800 -63.559900 -12.857600 +90.000000 +22 +50
+1.474600 -179.687700 -2148.280300 +1521.183200 -62.808300 -11.899200 +90.000000 +22 +50
+1.622000 -103.825300 -2145.214900 +1468.506700 -62.023900 -10.087700 +90.000000 +22 +50
+1.769500 -50.641300 -2149.955300 +1390.537900 -61.179500 -7.988700 +90.000000 +22 +50
+1.916900 -13.343800 -2166.732800 +1292.550400 -60.241700 -6.385400 +90.000000 +22 +50
+2.064400 +12.810500 -2198.286000 +1190.186600 -59.181900 -5.715400 +90.000000 +22 +50
+2.211900 +28.407100 -2245.594100 +1108.669400 -57.987100 -5.380100 +90.000000 +22 +50
+2.359300 +32.992700 -2308.009800 +1063.898900 -56.658200 -4.909000 +90.000000 +22 +50
+2.506800 +28.904600 -2382.328300 +1058.569600 -55.191500 -4.047800 +90.000000 +22 +50
+2.654200 +20.578400 -2463.438300 +1086.561900 -53.551900 -2.788300 +90.000000 +22 +50
+2.801700 +13.379900 -2545.455900 +1136.578000 -51.660900 -1.368400 +90.000000 +22 +50
+2.949200 +12.494800 -2622.762900 +1195.558300 -49.416500 -0.082400 +90.000000 +22 +50
+3.096600 +21.893100 -2690.913900 +1251.958500 -46.739900 +0.843900 +90.000000 +22 +50
+3.244100 +44.174000 -2748.104000 +1296.667300 -43.621400 +1.257000 +90.000000 +22 +50
+3.391500 +80.591000 -2792.644600 +1323.052600 -40.128500 +1.045600 +90.000000 +22 +50
+3.539000 +130.216200 -2819.827300 +1329.740000 -36.373700 +0.358900 +90.000000 +22 +50
+3.686400 +190.720000 -2823.914400 +1319.633700 -32.466900 -0.460900 +90.000000 +22 +50
+3.833900 +259.295400 -2800.441400 +1298.575100 -28.485800 -1.085500 +90.000000 +22 +50
+3.981400 +333.565500 -2748.454700 +1274.048900 -24.472200 -1.338200 +90.000000 +22 +50
+4.128800 +412.465300 -2672.818700 +1253.953100 -20.444000 -1.355900 +90.000000 +22 +50
+4.276300 +496.472500 -2585.306700 +1243.040300 -16.408600 -1.355100 +90.000000 +22 +50
+4.423700 +584.583100 -2495.771000 +1231.789100 -12.373500 -1.271200 +90.000000 +22 +50
+4.571200 +676.873700 -2411.853800 +1215.420600 -8.355200 -0.823300 +90.000000 +22 +50
+4.718600 +775.047100 -2340.811100 +1199.082500 -4.389800 -0.399500 +90.000000 +22 +50
+4.866100 +880.726000 -2288.197500 +1192.128100 -0.544000 -0.723900 +90.000000 +22 +50
+5.013600 +993.777300 -2256.520400 +1202.270300 +3.085700 -1.950300 +90.000000 +22 +50
+5.161000 +1110.723100 -2243.917300 +1229.727800 +6.395100 -3.926900 +90.000000 +22 +50
+5.308500 +1223.345400 -2243.068000 +1261.755200 +9.314000 -5.924700 +90.000000 +22 +50
+5.455900 +1321.413500 -2245.837300 +1280.873400 +11.840400 -6.549200 +90.000000 +22 +50
+5.603400 +1399.607300 -2245.839900 +1282.695100 +14.040300 -5.369800 +90.000000 +22 +50
+5.750800 +1456.707800 -2233.436100 +1269.720100 +16.012400 -2.833400 +90.000000 +22 +50
+5.898300 +1494.454700 -2197.704600 +1248.442300 +17.842100 +0.204000 +90.000000 +22 +50
+6.045800 +1516.547500 -2128.826100 +1227.230000 +19.571300 +2.768800 +90.000000 +22 +50
+6.193200 +1527.686000 -2020.517300 +1214.299800 +21.193800 +4.044700 +90.000000 +22 +50
+6.340700 +1532.712500 -1872.797700 +1215.754000 +22.672000 +3.328300 +90.000000 +22 +50
+6.488100 +1535.785200 -1694.963500 +1233.566800 +23.964100 +0.550700 +90.000000 +22 +50
+6.635600 +1539.683700 -1507.599000 +1264.669400 +25.051500 -3.515700 +90.000000 +22 +50
+6.783100 +1546.219100 -1334.843300 +1305.510600 +25.947500 -7.782900 +90.000000 +22 +50
+6.930500 +1555.733400 -1195.980700 +1348.796500 +26.680500 -11.620200 +90.000000 +22 +50
+7.078000 +1567.239100 -1105.025200 +1383.472300 +27.253200 -14.752700 +90.000000 +22 +50
+7.225400 +1579.027100 -1070.802900 +1397.717300 +27.596400 -16.572900 +90.000000 +22 +50
+7.372900 +1589.134300 -1096.950000 +1382.161800 +27.541400 -16.621400 +90.000000 +22 +50
+7.520300 +1595.716900 -1181.976000 +1332.977900 +26.841600 -14.805600 +90.000000 +22 +50
+7.667800 +1597.533500 -1319.564000 +1254.667100 +25.256300 -11.152800 +90.000000 +22 +50
+7.815300 +1594.529200 -1499.729700 +1161.617900 +22.662600 -6.502900 +90.000000 +22 +50
+7.962700 +1587.719500 -1711.960200 +1067.534900 +19.121000 -2.142500 +90.000000 +22 +50
+8.110200 +1578.929500 -1933.329300 +981.993700 +14.845000 +0.870100 +90.000000 +22 +50
+8.257600 +1570.389000 -2131.134500 +913.359000 +10.100000 +1.338900 +90.000000 +22 +50
+8.405100 +1564.125000 -2275.531800 +866.971400 +5.108600 -1.374200 +90.000000 +22 +50
+8.552500 +1561.339500 -2351.524900 +843.358200 +0.011800 -5.643900 +90.000000 +22 +50
+8.700000 +1561.634000 -2370.323600 +836.462500 -5.117100 -10.000000 +90.000000 +22 +50
[END]


true
stable state found
Calculation time[s] 661.808107
LimitWaterLVL[m] 0.400000
WaterLVL at time zero[m] -0.068387
Timestep[s] | HighestPointXYZ[m] | AngleToY[°] | Distance[m] | AngleX[°] | AngleY[°]
0.000000 0.060993 0.060993 -0.060993 0.019634 -0.060993 -0.000026 -0.000008
0.147500 0.030444 0.009848 -0.000399 72.074235 0.386892 -14.188593 0.157381
0.295000 -0.065418 0.033677 0.026900 297.239388 0.378345 -36.893141 1.332997
0.442500 -0.077630 0.001063 0.021712 270.784479 0.386037 -29.316974 -0.391042
0.590000 0.063258 0.008038 0.013506 82.758427 0.378796 -4.666746 0.380887
0.737500 -0.011092 0.045619 0.003426 346.334160 0.396385 -1.990913 0.519900
0.885000 -0.059264 -0.017316 0.010385 253.712475 0.379828 0.799662 -2.201753
1.032500 0.050830 -0.038650 0.013459 127.248336 0.388676 22.748332 -0.938646
1.180000 0.073264 0.002028 0.023098 88.414339 0.383791 32.717805 0.625154
1.327500 -0.037563 -0.034373 0.001874 227.539531 0.378980 18.713372 -1.734371
1.475000 -0.053185 -0.012086 -0.003989 257.197475 0.384116 12.442386 -0.244841
1.622500 0.072143 0.021580 0.018200 73.346378 0.388936 23.188765 3.649343
1.770000 0.034809 0.006115 0.009017 80.036491 0.392100 20.448622 4.547567
1.917500 -0.057989 0.010774 0.004906 280.525191 0.386490 2.164881 3.880809
2.065000 -0.055173 0.000665 0.002225 270.690449 0.390413 2.671032 2.833325
2.212500 0.068030 0.018116 0.016029 75.088190 0.388872 16.862166 4.757585
2.360000 -0.043105 0.025906 0.002771 301.005765 0.392694 7.145695 3.647110
2.507500 -0.060447 -0.021911 0.007940 250.075289 0.386562 -3.135760 -1.253641
2.655000 0.058569 -0.018849 0.006246 107.839501 0.395761 7.269049 1.705248
2.802500 0.036428 -0.035608 0.002664 134.347819 0.397781 5.799102 1.267690
2.950000 -0.061937 -0.028328 0.012526 245.422161 0.387376 -9.844881 -5.356599
3.097500 -0.028016 -0.055192 0.007750 206.912796 0.392907 -8.643552 -4.900324
3.245000 0.055593 0.023284 0.007352 67.274616 0.391234 1.882854 -0.743508
3.392500 0.001046 -0.052851 0.003648 178.866179 0.396750 -3.484729 -2.850622
3.540000 -0.059169 -0.034292 0.018037 239.905124 0.382383 -11.232089 -10.706853
3.687500 -0.011693 -0.059984 0.010232 191.030639 0.389387 -1.381185 -9.920028
3.835000 0.040172 -0.027584 0.002373 124.475339 0.397779 5.570081 -3.151509
3.982500 -0.016468 -0.058694 0.008013 195.672729 0.390632 -2.150585 -7.192119
4.130000 -0.021668 -0.060595 0.011493 199.676403 0.386974 -4.109280 -9.846970
4.277500 0.053515 0.035343 0.005965 56.557965 0.395349 3.002557 3.275058
4.425000 -0.006846 0.055204 0.006509 352.930685 0.394348 3.524378 6.603281
4.572500 -0.050326 -0.037494 0.006005 233.313062 0.393136 -4.277959 -1.619001
4.720000 -0.046860 0.004608 0.003064 275.616151 0.396821 -3.057776 1.925635
4.867500 0.029631 0.062570 0.014439 25.340661 0.386402 2.611017 11.907290
5.015000 -0.032890 0.026800 0.005910 309.174643 0.394409 -1.391427 5.576033
5.162500 -0.005496 -0.064738 0.004514 184.852549 0.390160 2.982319 -3.287272
5.310000 0.055242 0.027673 0.010651 63.391736 0.391134 12.680226 3.500608
5.457500 0.048614 0.002652 0.004899 86.877485 0.393609 13.329772 5.455662
5.605000 0.028610 -0.057635 0.009097 153.600209 0.384101 11.208767 -6.159185
5.752500 0.027650 -0.060266 0.013127 155.354375 0.383524 9.504283 -11.782210
5.900000 0.026103 -0.055498 0.006465 154.810462 0.393726 3.554674 -5.243866
6.047500 -0.007740 -0.064663 0.008324 186.825666 0.394345 -0.085244 -7.286588
6.195000 0.002301 -0.066574 0.017331 178.020457 0.386414 -2.174636 -16.189367
6.342500 -0.004745 -0.066088 0.010747 184.106687 0.392416 -3.840781 -9.249059
6.490000 -0.025168 0.058840 0.002042 336.841849 0.397359 -0.656805 1.107056
6.637500 -0.032736 -0.014781 0.001632 245.699812 0.396892 2.574230 2.213927
6.785000 0.018448 -0.045475 -0.003268 157.918912 0.393170 7.169546 6.339133
6.932500 0.016734 0.066827 0.018701 14.058230 0.386462 11.572917 16.213545
7.080000 0.008408 0.066242 0.022631 7.233787 0.381392 13.740504 19.221345
7.227500 0.053450 -0.020401 -0.003858 110.891046 0.379298 18.251402 15.662789
7.375000 0.058153 0.012577 0.006232 77.796351 0.378699 18.732192 17.794689
7.522500 0.017220 0.063613 0.023675 15.146918 0.379447 15.484114 20.365117
7.670000 0.044454 0.041984 0.011258 46.636804 0.388700 13.888164 13.763080
7.817500 0.047918 -0.027164 -0.002074 119.548254 0.396162 8.028268 5.245117
7.965000 -0.014752 0.047102 0.003014 342.609828 0.398461 1.212812 5.284835
8.112500 -0.010812 -0.064048 0.002155 189.581815 0.398783 0.170401 -1.811576
8.260000 -0.016512 -0.069167 0.020703 193.426818 0.380852 -2.281121 -18.043322
8.407500 0.013942 -0.065773 0.019435 168.032078 0.379017 -2.085909 -19.755320
8.555000 -0.014202 -0.066384 0.015756 192.075658 0.375769 6.233598 -11.827245