[HEADER]
  GEAR_NOMINAL_VEL = 1.000000
  SAMPLING_MODE = CARTESIAN
  CRC = 4230818067
[RECORDS]
+0.000000 -1518.572600 -2138.653400 +1244.170800 -69.997600 +0.000000 +90.000000 +22 +50
+0.147500 -1509.285200 -2138.786800 +1247.564900 -69.292300 +11.170900 +90.000000 +22 +50
+0.294900 -1456.915700 -2140.531100 +1265.977000 -68.584600 +12.102500 +90.000000 +22 +50
+0.442400 -1345.766000 -2144.288900 +1304.858600 -67.876300 +10.175200 +90.000000 +22 +50
+0.589800 -1182.051100 -2149.441400 +1361.488300 -67.167000 +5.399700 +90.000000 +22 +50
+0.737300 -985.510500 -2154.756000 +1427.244800 -66.455600 -0.942700 +90.000000 +22 +50
+0.884700 -780.962800 -2158.820100 +1489.786100 -65.740700 -6.743700 +90.000000 +22 +50
+1.032200 -589.513600 -2160.517200 +1535.414100 -65.021100 -10.522700 +90.000000 +22 +50
+1.179700 -421.776700 -2159.129600 +1554.279400 -64.295100 -12.498800 +90.000000 +22 +50
+1.327100 -284.540100 -2154.317900 +1549.144800 -63.559900 -12.857600 +90.000000 +22 +50
+1.474600 -179.687700 -2148.280300 +1521.183200 -62.808300 -11.899200 +90.000000 +22 +50
+1.622000 -103.825300 -2145.214900 +1468.506700 -62.023900 -10.087700 +90.000000 +22 +50
+1.769500 -50.641300 -2149.955300 +1390.537900 -61.179500 -7.988700 +90.000000 +22 +50
+1.916900 -13.343800 -2166.732800 +1292.550400 -60.241700 -6.385400 +90.000000 +22 +50
+2.064400 +12.810500 -2198.286000 +1190.186600 -59.181900 -5.715400 +90.000000 +22 +50
+2.211900 +28.407100 -2245.594100 +1108.669400 -57.987100 -5.380100 +90.000000 +22 +50
+2.359300 +32.992700 -2308.009800 +1063.898900 -56.658200 -4.909000 +90.000000 +22 +50
+2.506800 +28.904600 -2382.328300 +1058.569600 -55.191500 -4.047800 +90.000000 +22 +50
+2.654200 +20.578400 -2463.438300 +1086.561900 -53.551900 -2.788300 +90.000000 +22 +50
+2.801700 +13.379900 -2545.455900 +1136.578000 -51.660900 -1.368400 +90.000000 +22 +50
+2.949200 +12.494800 -2622.762900 +1195.558300 -49.416500 -0.082400 +90.000000 +22 +50
+3.096600 +21.893100 -2690.913900 +1251.958500 -46.739900 +0.843900 +90.000000 +22 +50
+3.244100 +44.174000 -2748.104000 +1296.667300 -43.621400 +1.257000 +90.000000 +22 +50
+3.391500 +80.591000 -2792.644600 +1323.052600 -40.128500 +1.045600 +90.000000 +22 +50
+3.539000 +130.216200 -2819.827300 +1329.740000 -36.373700 +0.358900 +90.000000 +22 +50
+3.686400 +190.720000 -2823.914400 +1319.633700 -32.466900 -0.460900 +90.000000 +22 +50
+3.833900 +259.295400 -2800.441400 +1298.575100 -28.485800 -1.085500 +90.000000 +22 +50
+3.981400 +333.565500 -2748.454700 +1274.048900 -24.472200 -1.338200 +90.000000 +22 +50
+4.128800 +412.465300 -2672.818700 +1253.953100 -20.444000 -1.355900 +90.000000 +22 +50
+4.276300 +496.472500 -2585.306700 +1243.040300 -16.408600 -1.355100 +90.000000 +22 +50
+4.423700 +584.583100 -2495.771000 +1231.789100 -12.373500 -1.271200 +90.000000 +22 +50
+4.571200 +676.873700 -2411.853800 +1215.420600 -8.355200 -0.823300 +90.000000 +22 +50
+4.718600 +775.047100 -2340.811100 +1199.082500 -4.389800 -0.399500 +90.000000 +22 +50
+4.866100 +880.726000 -2288.197500 +1192.128100 -0.544000 -0.723900 +90.000000 +22 +50
+5.013600 +993.777300 -2256.520400 +1202.270300 +3.085700 -1.950300 +90.000000 +22 +50
+5.161000 +1110.723100 -2243.917300 +1229.727800 +6.395100 -3.926900 +90.000000 +22 +50
+5.308500 +1223.345400 -2243.068000 +1261.755200 +9.314000 -5.924700 +90.000000 +22 +50
+5.455900 +1321.413500 -2245.837300 +1280.873400 +11.840400 -6.549200 +90.000000 +22 +50
+5.603400 +1399.607300 -2245.839900 +1282.695100 +14.040300 -5.369800 +90.000000 +22 +50
+5.750800 +1456.707800 -2233.436100 +1269.720100 +16.012400 -2.833400 +90.000000 +22 +50
+5.898300 +1494.454700 -2197.704600 +1248.442300 +17.842100 +0.204000 +90.000000 +22 +50
+6.045800 +1516.547500 -2128.826100 +1227.230000 +19.571300 +2.768800 +90.000000 +22 +50
+6.193200 +1527.686000 -2020.517300 +1214.299800 +21.193800 +4.044700 +90.000000 +22 +50
+6.340700 +1532.712500 -1872.797700 +1215.754000 +22.672000 +3.328300 +90.000000 +22 +50
+6.488100 +1535.785200 -1694.963500 +1233.566800 +23.964100 +0.550700 +90.000000 +22 +50
+6.635600 +1539.683700 -1507.599000 +1264.669400 +25.051500 -3.515700 +90.000000 +22 +50
+6.783100 +1546.219100 -1334.843300 +1305.510600 +25.947500 -7.782900 +90.000000 +22 +50
+6.930500 +1555.733400 -1195.980700 +1348.796500 +26.680500 -11.620200 +90.000000 +22 +50
+7.078000 +1567.239100 -1105.025200 +1383.472300 +27.253200 -14.752700 +90.000000 +22 +50
+7.225400 +1579.027100 -1070.802900 +1397.717300 +27.596400 -16.572900 +90.000000 +22 +50
+7.372900 +1589.134300 -1096.950000 +1382.161800 +27.541400 -16.621400 +90.000000 +22 +50
+7.520300 +1595.716900 -1181.976000 +1332.977900 +26.841600 -14.805600 +90.000000 +22 +50
+7.667800 +1597.533500 -1319.564000 +1254.667100 +25.256300 -11.152800 +90.000000 +22 +50
+7.815300 +1594.529200 -1499.729700 +1161.617900 +22.662600 -6.502900 +90.000000 +22 +50
+7.962700 +1587.719500 -1711.960200 +1067.534900 +19.121000 -2.142500 +90.000000 +22 +50
+8.110200 +1578.929500 -1933.329300 +981.993700 +14.845000 +0.870100 +90.000000 +22 +50
+8.257600 +1570.389000 -2131.134500 +913.359000 +10.100000 +1.338900 +90.000000 +22 +50
+8.405100 +1564.125000 -2275.531800 +866.971400 +5.108600 -1.374200 +90.000000 +22 +50
+8.552500 +1561.339500 -2351.524900 +843.358200 +0.011800 -5.643900 +90.000000 +22 +50
+8.700000 +1561.634000 -2370.323600 +836.462500 -5.117100 -10.000000 +90.000000 +22 +50
[END]


true
stable state found
Calculation time[s] 1212.499009
LimitWaterLVL[m] 0.400000
WaterLVL at time zero[m] -0.068387
Timestep[s] | HighestPointXYZ[m] | AngleToY[°] | Distance[m] | AngleX[°] | AngleY[°]
0.000000 0.060993 0.060993 -0.060993 0.019634 -0.060993 -0.000026 -0.000008
0.147500 0.043960 0.004571 -0.003204 84.063884 0.387038 -14.744410 0.191260
0.295000 -0.065418 0.033677 0.026900 297.239388 0.378345 -36.712758 1.190524
0.442500 -0.061131 0.015904 0.014995 284.583030 0.389638 -27.896470 -0.542190
0.590000 0.062850 0.007714 0.009795 83.002990 0.382531 -5.146082 0.488511
0.737500 -0.026023 0.044960 0.003203 329.937375 0.396362 -2.664689 0.222059
0.885000 -0.053351 -0.008627 0.009270 260.814941 0.381704 2.167507 -2.158077
1.032500 0.053899 -0.039377 0.012392 126.150957 0.390272 24.021447 -0.536717
1.180000 0.066664 -0.020916 0.018168 107.419617 0.386689 31.187490 0.450447
1.327500 -0.037163 -0.034386 0.000246 227.222763 0.380655 16.962235 -1.773285
1.475000 -0.046405 -0.011723 -0.002888 255.822479 0.384435 13.612035 0.205532
1.622500 0.075453 0.004624 0.020416 86.492762 0.386917 24.155231 3.351312
1.770000 0.027299 0.038587 0.007977 35.278258 0.392790 18.633754 4.347080
1.917500 -0.059709 -0.015913 0.006625 255.077004 0.384090 0.855757 3.632344
2.065000 -0.052873 0.017086 0.000837 287.907935 0.392326 4.786307 2.716985
2.212500 0.072590 0.009374 0.016766 82.641527 0.388386 16.802956 5.062154
2.360000 -0.036585 0.022599 0.003343 301.704130 0.392602 4.433304 3.262596
2.507500 -0.060447 -0.021911 0.007940 250.075289 0.386562 -1.831383 -1.219366
2.655000 0.064399 0.004840 0.008191 85.701933 0.394416 9.269068 2.528729
2.802500 0.034038 -0.032558 0.002604 133.726894 0.397810 3.536564 0.508203
2.950000 -0.062037 -0.028388 0.014293 245.411268 0.385609 -11.361408 -5.877218
3.097500 -0.009686 -0.046245 0.005537 191.829576 0.394820 -5.715515 -3.945043
3.245000 0.059733 0.024846 0.007101 67.415084 0.391389 2.703194 -0.540761
3.392500 -0.013244 -0.056976 0.005538 193.085947 0.395123 -6.716890 -3.767330
3.540000 -0.059309 -0.034009 0.019943 240.169154 0.380476 -11.320091 -11.417690
3.687500 -0.010013 -0.057515 0.008454 189.875854 0.391187 1.421484 -8.158173
3.835000 -0.035158 -0.048857 0.002363 215.739179 0.396453 4.657881 -2.506903
3.982500 -0.002238 -0.060754 0.010201 182.109655 0.388643 -4.325039 -9.641636
4.130000 -0.032108 -0.058190 0.009621 208.888976 0.388729 -2.433280 -8.999971
4.277500 0.036255 0.040965 0.007465 41.509593 0.393714 4.131555 5.952958
4.425000 -0.018056 0.047079 0.004544 339.016904 0.396026 2.478977 4.563276
4.572500 -0.035066 -0.043145 0.007828 219.102407 0.391347 -5.189304 -3.395745
4.720000 -0.027020 0.046702 0.004848 329.947959 0.395361 -1.676998 4.587774
4.867500 0.029631 0.062570 0.014439 25.340661 0.386402 2.855937 12.660342
5.015000 -0.036960 -0.018022 0.003910 244.005756 0.394908 -2.906744 2.321085
5.162500 -0.020576 -0.055759 0.003576 200.254901 0.391450 4.422608 -2.705459
5.310000 0.052282 0.006537 0.006648 82.873527 0.392915 12.914511 6.634731
5.457500 0.033674 -0.048811 -0.000550 145.398770 0.392971 12.284790 4.100594
5.605000 0.012710 -0.065270 0.011022 168.980718 0.381320 11.634281 -9.379770
5.752500 0.039740 -0.048962 0.010378 140.935494 0.386868 9.093140 -9.567454
5.900000 0.010153 -0.060224 0.004637 170.430643 0.395573 3.438141 -2.916975
6.047500 0.010470 -0.063075 0.011403 170.575303 0.391186 0.079036 -10.286018
6.195000 -0.006579 -0.066732 0.019869 185.630511 0.383880 -2.991924 -17.243669
6.342500 -0.020065 -0.053069 0.006136 200.711238 0.396223 -3.289374 -5.825091
6.490000 -0.036908 0.047946 0.002202 322.411547 0.397296 -0.847050 0.870021
6.637500 -0.038346 -0.023628 0.003115 238.359496 0.394902 2.568656 -0.554417
6.785000 0.012638 -0.058385 -0.005735 167.786204 0.393956 7.592491 8.110261
6.932500 -0.029776 0.048736 0.018368 328.576522 0.384257 10.329990 18.785074
7.080000 0.018178 0.061952 0.019160 16.352781 0.383351 14.462035 16.644134
7.227500 0.053520 -0.011661 -0.000221 102.291571 0.378280 18.893706 14.218496
7.375000 0.047433 0.044837 0.017783 46.611581 0.377181 17.374245 20.883667
7.522500 0.025990 0.062683 0.023903 22.520166 0.378723 15.939531 20.920206
7.670000 0.035134 -0.046694 -0.004999 143.041074 0.387735 14.275033 10.342132
7.817500 0.049618 -0.021672 -0.001707 113.594598 0.396410 7.019233 4.939005
7.965000 -0.007852 0.048580 0.005025 350.818669 0.396510 1.802639 7.946425
8.112500 -0.027142 -0.059449 0.004037 204.539514 0.396854 0.112581 -3.041943
8.260000 -0.008082 -0.067923 0.020959 186.785598 0.380534 -3.098511 -20.244345
8.407500 -0.004388 -0.069921 0.018826 183.590976 0.379417 -1.588998 -17.420344
8.555000 -0.013982 -0.066284 0.013940 191.911396 0.377593 6.840314 -11.227094