[HEADER]
  GEAR_NOMINAL_VEL = 1.000000
  SAMPLING_MODE = CARTESIAN
  CRC = 4230818067
[RECORDS]
+0.000000 +0.000000 +0.000000 +0.000000 -90.000000 +0.000000 +90.000000 +22 +50
+0.200000 +44.000000 +0.000000 +0.000000 -90.000000 +0.000000 +90.000000 +22 +50
+0.400000 +176.000000 +0.000000 +0.000000 -90.000000 +0.000000 +90.000000 +22 +50
+0.600000 +396.000000 +0.000000 +0.000000 -90.000000 +0.000000 +90.000000 +22 +50
+0.800000 +704.000000 +0.000000 +0.000000 -90.000000 +0.000000 +90.000000 +22 +50
+1.000000 +1100.000000 +0.000000 +0.000000 -90.000000 +0.000000 +90.000000 +22 +50
+1.200000 +1584.000000 +0.000000 +0.000000 -90.000000 +0.000000 +90.000000 +22 +50
+1.400000 +2156.000000 +0.000000 +0.000000 -90.000000 +0.000000 +90.000000 +22 +50
+1.600000 +2816.000000 +0.000000 +0.000000 -90.000000 +0.000000 +90.000000 +22 +50
[END]


true
stable state found
Calculation time[s] 177.771529
LimitWaterLVL[m] 0.400000
WaterLVL at time zero[m] -0.061623
Timestep[s] | HighestPointXYZ[m] | AngleToY[°] | Distance[m] | AngleX[°] | AngleY[°]
0.000000 0.002589 -0.063194 0.000000 177.653506 0.400000 -0.058638 -0.008053
0.200000 -0.047305 -0.022907 0.010923 244.161929 0.389077 -12.144612 0.129221
0.400000 -0.045275 -0.041325 0.010954 227.611566 0.389046 -13.387536 -0.016029
0.600000 -0.047305 -0.022907 0.010923 244.161753 0.389077 -11.204606 -0.009563
0.800000 -0.045275 -0.041325 0.010954 227.611497 0.389046 -14.237237 0.030996
1.000000 -0.047310 -0.022907 0.010923 244.164129 0.389077 -10.287263 0.001086
1.200000 -0.046280 -0.017505 0.014722 249.281645 0.385278 -15.401264 -0.006014
1.400000 -0.046610 -0.043500 0.007132 226.976555 0.392868 -9.819294 0.020880
1.600000 -0.017660 0.045252 0.003692 338.681166 0.396308 -8.855857 0.211753