[HEADER]
  GEAR_NOMINAL_VEL = 1.000000
  SAMPLING_MODE = CARTESIAN
  CRC = 4230818067
[RECORDS]
+0.000000 -1518.572600 -2138.653400 +1244.170800 -69.997600 +0.000000 +90.000000 +22 +50
+0.147500 -1509.285200 -2138.786800 +1247.564900 -69.292300 +11.170900 +90.000000 +22 +50
+0.294900 -1456.915700 -2140.531100 +1265.977000 -68.584600 +12.102500 +90.000000 +22 +50
+0.442400 -1345.766000 -2144.288900 +1304.858600 -67.876300 +10.175200 +90.000000 +22 +50
+0.589800 -1182.051100 -2149.441400 +1361.488300 -67.167000 +5.399700 +90.000000 +22 +50
+0.737300 -985.510500 -2154.756000 +1427.244800 -66.455600 -0.942700 +90.000000 +22 +50
+0.884700 -780.962800 -2158.820100 +1489.786100 -65.740700 -6.743700 +90.000000 +22 +50
+1.032200 -589.513600 -2160.517200 +1535.414100 -65.021100 -10.522700 +90.000000 +22 +50
+1.179700 -421.776700 -2159.129600 +1554.279400 -64.295100 -12.498800 +90.000000 +22 +50
+1.327100 -284.540100 -2154.317900 +1549.144800 -63.559900 -12.857600 +90.000000 +22 +50
+1.474600 -179.687700 -2148.280300 +1521.183200 -62.808300 -11.899200 +90.000000 +22 +50
+1.622000 -103.825300 -2145.214900 +1468.506700 -62.023900 -10.087700 +90.000000 +22 +50
+1.769500 -50.641300 -2149.955300 +1390.537900 -61.179500 -7.988700 +90.000000 +22 +50
+1.916900 -13.343800 -2166.732800 +1292.550400 -60.241700 -6.385400 +90.000000 +22 +50
+2.064400 +12.810500 -2198.286000 +1190.186600 -59.181900 -5.715400 +90.000000 +22 +50
+2.211900 +28.407100 -2245.594100 +1108.669400 -57.987100 -5.380100 +90.000000 +22 +50
+2.359300 +32.992700 -2308.009800 +1063.898900 -56.658200 -4.909000 +90.000000 +22 +50
+2.506800 +28.904600 -2382.328300 +1058.569600 -55.191500 -4.047800 +90.000000 +22 +50
+2.654200 +20.578400 -2463.438300 +1086.561900 -53.551900 -2.788300 +90.000000 +22 +50
+2.801700 +13.379900 -2545.455900 +1136.578000 -51.660900 -1.368400 +90.000000 +22 +50
+2.949200 +12.494800 -2622.762900 +1195.558300 -49.416500 -0.082400 +90.000000 +22 +50
+3.096600 +21.893100 -2690.913900 +1251.958500 -46.739900 +0.843900 +90.000000 +22 +50
+3.244100 +44.174000 -2748.104000 +1296.667300 -43.621400 +1.257000 +90.000000 +22 +50
+3.391500 +80.591000 -2792.644600 +1323.052600 -40.128500 +1.045600 +90.000000 +22 +50
+3.539000 +130.216200 -2819.827300 +1329.740000 -36.373700 +0.358900 +90.000000 +22 +50
+3.686400 +190.720000 -2823.914400 +1319.633700 -32.466900 -0.460900 +90.000000 +22 +50
+3.833900 +259.295400 -2800.441400 +1298.575100 -28.485800 -1.085500 +90.000000 +22 +50
+3.981400 +333.565500 -2748.454700 +1274.048900 -24.472200 -1.338200 +90.000000 +22 +50
+4.128800 +412.465300 -2672.818700 +1253.953100 -20.444000 -1.355900 +90.000000 +22 +50
+4.276300 +496.472500 -2585.306700 +1243.040300 -16.408600 -1.355100 +90.000000 +22 +50
+4.423700 +584.583100 -2495.771000 +1231.789100 -12.373500 -1.271200 +90.000000 +22 +50
+4.571200 +676.873700 -2411.853800 +1215.420600 -8.355200 -0.823300 +90.000000 +22 +50
+4.718600 +775.047100 -2340.811100 +1199.082500 -4.389800 -0.399500 +90.000000 +22 +50
+4.866100 +880.726000 -2288.197500 +1192.128100 -0.544000 -0.723900 +90.000000 +22 +50
+5.013600 +993.777300 -2256.520400 +1202.270300 +3.085700 -1.950300 +90.000000 +22 +50
+5.161000 +1110.723100 -2243.917300 +1229.727800 +6.395100 -3.926900 +90.000000 +22 +50
+5.308500 +1223.345400 -2243.068000 +1261.755200 +9.314000 -5.924700 +90.000000 +22 +50
+5.455900 +1321.413500 -2245.837300 +1280.873400 +11.840400 -6.549200 +90.000000 +22 +50
+5.603400 +1399.607300 -2245.839900 +1282.695100 +14.040300 -5.369800 +90.000000 +22 +50
+5.750800 +1456.707800 -2233.436100 +1269.720100 +16.012400 -2.833400 +90.000000 +22 +50
+5.898300 +1494.454700 -2197.704600 +1248.442300 +17.842100 +0.204000 +90.000000 +22 +50
+6.045800 +1516.547500 -2128.826100 +1227.230000 +19.571300 +2.768800 +90.000000 +22 +50
+6.193200 +1527.686000 -2020.517300 +1214.299800 +21.193800 +4.044700 +90.000000 +22 +50
+6.340700 +1532.712500 -1872.797700 +1215.754000 +22.672000 +3.328300 +90.000000 +22 +50
+6.488100 +1535.785200 -1694.963500 +1233.566800 +23.964100 +0.550700 +90.000000 +22 +50
+6.635600 +1539.683700 -1507.599000 +1264.669400 +25.051500 -3.515700 +90.000000 +22 +50
+6.783100 +1546.219100 -1334.843300 +1305.510600 +25.947500 -7.782900 +90.000000 +22 +50
+6.930500 +1555.733400 -1195.980700 +1348.796500 +26.680500 -11.620200 +90.000000 +22 +50
+7.078000 +1567.239100 -1105.025200 +1383.472300 +27.253200 -14.752700 +90.000000 +22 +50
+7.225400 +1579.027100 -1070.802900 +1397.717300 +27.596400 -16.572900 +90.000000 +22 +50
+7.372900 +1589.134300 -1096.950000 +1382.161800 +27.541400 -16.621400 +90.000000 +22 +50
+7.520300 +1595.716900 -1181.976000 +1332.977900 +26.841600 -14.805600 +90.000000 +22 +50
+7.667800 +1597.533500 -1319.564000 +1254.667100 +25.256300 -11.152800 +90.000000 +22 +50
+7.815300 +1594.529200 -1499.729700 +1161.617900 +22.662600 -6.502900 +90.000000 +22 +50
+7.962700 +1587.719500 -1711.960200 +1067.534900 +19.121000 -2.142500 +90.000000 +22 +50
+8.110200 +1578.929500 -1933.329300 +981.993700 +14.845000 +0.870100 +90.000000 +22 +50
+8.257600 +1570.389000 -2131.134500 +913.359000 +10.100000 +1.338900 +90.000000 +22 +50
+8.405100 +1564.125000 -2275.531800 +866.971400 +5.108600 -1.374200 +90.000000 +22 +50
+8.552500 +1561.339500 -2351.524900 +843.358200 +0.011800 -5.643900 +90.000000 +22 +50
+8.700000 +1561.634000 -2370.323600 +836.462500 -5.117100 -10.000000 +90.000000 +22 +50
[END]


true
stable state found
Calculation time[s] 1134.977138
LimitWaterLVL[m] 0.400000
WaterLVL at time zero[m] -0.061609
Timestep[s] | HighestPointXYZ[m] | AngleToY[°] | Distance[m] | AngleX[°] | AngleY[°]
0.000000 -0.002598 0.002597 -0.063171 0.000000 -0.063171 -0.003089 0.006806
0.147500 0.043838 -0.011389 -0.006074 104.563227 0.389916 -14.148517 0.354245
0.295000 -0.061497 -0.012322 0.031174 258.670010 0.373582 -43.777096 0.911682
0.442500 0.041353 0.021582 0.002741 62.440195 0.383569 -15.506545 0.483591
0.590000 0.014846 -0.010142 0.005118 124.338029 0.391781 -8.712456 -0.368729
0.737500 -0.053120 0.003380 0.021467 273.641224 0.377613 -16.694885 0.389025
0.885000 0.054454 -0.045308 0.017170 129.761558 0.386164 20.394238 -1.313553
1.032500 0.024022 -0.062659 0.006888 159.024371 0.389879 29.380589 -1.110398
1.180000 -0.041996 0.001374 0.027959 271.873355 0.354210 6.344992 -1.089461
1.327500 0.006437 -0.022755 0.002547 164.204502 0.388343 26.739349 -0.350052
1.475000 0.066085 -0.013781 0.027468 101.779167 0.377691 35.653045 0.687720
1.622500 -0.042237 0.016362 0.010319 291.175962 0.376728 3.698335 2.738965
1.770000 -0.044751 -0.020556 -0.003459 245.328180 0.392959 8.900403 3.229739
1.917500 0.061421 -0.020422 0.021287 108.391729 0.382711 24.433957 4.800298
2.065000 -0.049683 0.009229 0.012701 280.522743 0.380687 -2.723651 4.549407
2.212500 -0.009800 -0.025326 0.001384 201.154151 0.395467 6.247222 2.885602
2.360000 0.062355 -0.007884 0.019798 97.206088 0.383844 20.543713 3.945820
2.507500 -0.048927 0.009478 0.022656 280.963384 0.373235 -10.350907 1.340221
2.655000 0.056689 -0.038723 0.006360 124.336117 0.395286 8.726232 -0.507569
2.802500 0.028728 -0.058329 0.004385 153.778989 0.395716 8.796409 -0.046963
2.950000 -0.051437 -0.008147 0.022980 260.999805 0.376947 -20.748883 -3.869178
3.097500 0.055134 -0.036270 0.006626 123.338990 0.392796 1.854355 -3.849514
3.245000 0.062143 -0.019761 0.006440 107.640267 0.392437 6.563485 -1.733657
3.392500 -0.052664 -0.004142 0.027217 265.502970 0.373592 -22.544910 -6.012915
3.540000 -0.037299 -0.044412 0.003729 220.024904 0.396612 -1.990726 -8.257621
3.687500 0.065867 -0.011526 0.014714 99.925634 0.385637 12.671984 -5.963118
3.835000 -0.048478 -0.009355 0.021534 259.077655 0.377593 -15.592259 -9.810793
3.982500 -0.017958 -0.058134 0.006830 197.166285 0.391800 0.622590 -8.600471
4.130000 0.052592 -0.039086 0.012040 126.619469 0.387955 13.421645 -0.509876
4.277500 -0.046765 -0.020658 0.024647 246.167005 0.374199 -16.507520 -1.415539
4.425000 0.020674 -0.036058 0.003254 150.172022 0.396218 0.897148 -0.459413
4.572500 0.063934 -0.002696 0.019666 92.414646 0.380697 14.687838 7.311853
4.720000 -0.044960 -0.022615 0.022034 243.297482 0.377684 -17.821181 3.963112
4.867500 0.016591 -0.014918 0.002876 131.960681 0.396990 0.122791 2.850223
5.015000 0.065880 0.019851 0.016982 73.230966 0.384095 14.215734 10.212977
5.162500 -0.026056 -0.042538 0.028208 211.488914 0.367668 -12.988158 0.446391
5.310000 0.057082 -0.042617 0.009095 126.744747 0.385587 14.576264 -1.516263
5.457500 0.061544 0.008166 0.036695 82.441552 0.362853 29.262038 5.805317
5.605000 -0.039560 -0.012175 0.018304 252.893709 0.378503 -3.838575 -5.868486
5.752500 0.055470 -0.040572 0.009567 126.182573 0.388146 6.076544 -11.470708
5.900000 0.057313 0.024959 0.022017 66.467304 0.377885 21.903743 -2.028465
6.047500 -0.047960 0.015172 0.020609 287.554174 0.378233 -14.789294 -14.732177
6.195000 0.033451 -0.049086 0.015568 145.726345 0.386985 -3.514473 -14.861859
6.342500 0.041265 0.040131 0.027873 45.798187 0.369283 10.371085 1.393220
6.490000 -0.046098 -0.010764 0.019231 256.856784 0.380824 -15.839933 -11.324241
6.637500 0.046434 0.050266 0.010013 42.730687 0.392073 5.254379 1.479414
6.785000 0.062468 0.010400 0.031661 80.547792 0.365470 19.070252 22.361016
6.932500 -0.012836 -0.044831 0.023548 195.977462 0.360068 -2.646142 3.772006
7.080000 0.030618 -0.012608 0.004994 112.381076 0.377815 16.927438 13.156938
7.227500 0.061340 0.033719 0.039012 61.202116 0.353213 29.368064 35.175079
7.375000 -0.008157 -0.049836 0.017691 189.295568 0.352508 8.573683 9.936943
7.522500 -0.011210 -0.049618 0.005276 192.730877 0.369371 15.373791 8.318386
7.670000 0.040644 0.043290 0.035798 43.194362 0.364942 23.244891 29.921055
7.817500 -0.011582 -0.055561 0.007911 191.775001 0.383342 2.619774 0.946549
7.965000 -0.028322 -0.045140 0.004301 212.105220 0.393719 0.021508 -4.541596
8.112500 0.042738 0.042128 0.016253 45.411824 0.383008 5.664872 10.466364
8.260000 -0.020392 -0.050942 0.026036 201.815991 0.375117 -6.905391 -25.662507
8.407500 0.030622 -0.057897 0.018408 152.125423 0.380330 -1.054940 -19.489310
8.555000 0.031268 0.049937 0.016841 32.052697 0.386968 8.783495 -1.382909