[HEADER]
  GEAR_NOMINAL_VEL = 1.000000
  SAMPLING_MODE = CARTESIAN
  CRC = 4230818067
[RECORDS]
+0.000000 -1518.572600 -2138.653400 +1244.170800 -69.997600 +0.000000 +90.000000 +22 +50
+0.147500 -1509.285200 -2138.786800 +1247.564900 -69.292300 +11.170900 +90.000000 +22 +50
+0.294900 -1456.915700 -2140.531100 +1265.977000 -68.584600 +12.102500 +90.000000 +22 +50
+0.442400 -1345.766000 -2144.288900 +1304.858600 -67.876300 +10.175200 +90.000000 +22 +50
+0.589800 -1182.051100 -2149.441400 +1361.488300 -67.167000 +5.399700 +90.000000 +22 +50
+0.737300 -985.510500 -2154.756000 +1427.244800 -66.455600 -0.942700 +90.000000 +22 +50
+0.884700 -780.962800 -2158.820100 +1489.786100 -65.740700 -6.743700 +90.000000 +22 +50
+1.032200 -589.513600 -2160.517200 +1535.414100 -65.021100 -10.522700 +90.000000 +22 +50
+1.179700 -421.776700 -2159.129600 +1554.279400 -64.295100 -12.498800 +90.000000 +22 +50
+1.327100 -284.540100 -2154.317900 +1549.144800 -63.559900 -12.857600 +90.000000 +22 +50
+1.474600 -179.687700 -2148.280300 +1521.183200 -62.808300 -11.899200 +90.000000 +22 +50
+1.622000 -103.825300 -2145.214900 +1468.506700 -62.023900 -10.087700 +90.000000 +22 +50
+1.769500 -50.641300 -2149.955300 +1390.537900 -61.179500 -7.988700 +90.000000 +22 +50
+1.916900 -13.343800 -2166.732800 +1292.550400 -60.241700 -6.385400 +90.000000 +22 +50
+2.064400 +12.810500 -2198.286000 +1190.186600 -59.181900 -5.715400 +90.000000 +22 +50
+2.211900 +28.407100 -2245.594100 +1108.669400 -57.987100 -5.380100 +90.000000 +22 +50
+2.359300 +32.992700 -2308.009800 +1063.898900 -56.658200 -4.909000 +90.000000 +22 +50
+2.506800 +28.904600 -2382.328300 +1058.569600 -55.191500 -4.047800 +90.000000 +22 +50
+2.654200 +20.578400 -2463.438300 +1086.561900 -53.551900 -2.788300 +90.000000 +22 +50
+2.801700 +13.379900 -2545.455900 +1136.578000 -51.660900 -1.368400 +90.000000 +22 +50
+2.949200 +12.494800 -2622.762900 +1195.558300 -49.416500 -0.082400 +90.000000 +22 +50
+3.096600 +21.893100 -2690.913900 +1251.958500 -46.739900 +0.843900 +90.000000 +22 +50
+3.244100 +44.174000 -2748.104000 +1296.667300 -43.621400 +1.257000 +90.000000 +22 +50
+3.391500 +80.591000 -2792.644600 +1323.052600 -40.128500 +1.045600 +90.000000 +22 +50
+3.539000 +130.216200 -2819.827300 +1329.740000 -36.373700 +0.358900 +90.000000 +22 +50
+3.686400 +190.720000 -2823.914400 +1319.633700 -32.466900 -0.460900 +90.000000 +22 +50
+3.833900 +259.295400 -2800.441400 +1298.575100 -28.485800 -1.085500 +90.000000 +22 +50
+3.981400 +333.565500 -2748.454700 +1274.048900 -24.472200 -1.338200 +90.000000 +22 +50
+4.128800 +412.465300 -2672.818700 +1253.953100 -20.444000 -1.355900 +90.000000 +22 +50
+4.276300 +496.472500 -2585.306700 +1243.040300 -16.408600 -1.355100 +90.000000 +22 +50
+4.423700 +584.583100 -2495.771000 +1231.789100 -12.373500 -1.271200 +90.000000 +22 +50
+4.571200 +676.873700 -2411.853800 +1215.420600 -8.355200 -0.823300 +90.000000 +22 +50
+4.718600 +775.047100 -2340.811100 +1199.082500 -4.389800 -0.399500 +90.000000 +22 +50
+4.866100 +880.726000 -2288.197500 +1192.128100 -0.544000 -0.723900 +90.000000 +22 +50
+5.013600 +993.777300 -2256.520400 +1202.270300 +3.085700 -1.950300 +90.000000 +22 +50
+5.161000 +1110.723100 -2243.917300 +1229.727800 +6.395100 -3.926900 +90.000000 +22 +50
+5.308500 +1223.345400 -2243.068000 +1261.755200 +9.314000 -5.924700 +90.000000 +22 +50
+5.455900 +1321.413500 -2245.837300 +1280.873400 +11.840400 -6.549200 +90.000000 +22 +50
+5.603400 +1399.607300 -2245.839900 +1282.695100 +14.040300 -5.369800 +90.000000 +22 +50
+5.750800 +1456.707800 -2233.436100 +1269.720100 +16.012400 -2.833400 +90.000000 +22 +50
+5.898300 +1494.454700 -2197.704600 +1248.442300 +17.842100 +0.204000 +90.000000 +22 +50
+6.045800 +1516.547500 -2128.826100 +1227.230000 +19.571300 +2.768800 +90.000000 +22 +50
+6.193200 +1527.686000 -2020.517300 +1214.299800 +21.193800 +4.044700 +90.000000 +22 +50
+6.340700 +1532.712500 -1872.797700 +1215.754000 +22.672000 +3.328300 +90.000000 +22 +50
+6.488100 +1535.785200 -1694.963500 +1233.566800 +23.964100 +0.550700 +90.000000 +22 +50
+6.635600 +1539.683700 -1507.599000 +1264.669400 +25.051500 -3.515700 +90.000000 +22 +50
+6.783100 +1546.219100 -1334.843300 +1305.510600 +25.947500 -7.782900 +90.000000 +22 +50
+6.930500 +1555.733400 -1195.980700 +1348.796500 +26.680500 -11.620200 +90.000000 +22 +50
+7.078000 +1567.239100 -1105.025200 +1383.472300 +27.253200 -14.752700 +90.000000 +22 +50
+7.225400 +1579.027100 -1070.802900 +1397.717300 +27.596400 -16.572900 +90.000000 +22 +50
+7.372900 +1589.134300 -1096.950000 +1382.161800 +27.541400 -16.621400 +90.000000 +22 +50
+7.520300 +1595.716900 -1181.976000 +1332.977900 +26.841600 -14.805600 +90.000000 +22 +50
+7.667800 +1597.533500 -1319.564000 +1254.667100 +25.256300 -11.152800 +90.000000 +22 +50
+7.815300 +1594.529200 -1499.729700 +1161.617900 +22.662600 -6.502900 +90.000000 +22 +50
+7.962700 +1587.719500 -1711.960200 +1067.534900 +19.121000 -2.142500 +90.000000 +22 +50
+8.110200 +1578.929500 -1933.329300 +981.993700 +14.845000 +0.870100 +90.000000 +22 +50
+8.257600 +1570.389000 -2131.134500 +913.359000 +10.100000 +1.338900 +90.000000 +22 +50
+8.405100 +1564.125000 -2275.531800 +866.971400 +5.108600 -1.374200 +90.000000 +22 +50
+8.552500 +1561.339500 -2351.524900 +843.358200 +0.011800 -5.643900 +90.000000 +22 +50
+8.700000 +1561.634000 -2370.323600 +836.462500 -5.117100 -10.000000 +90.000000 +22 +50
[END]


true
stable state found
Calculation time[s] 844.021412
LimitWaterLVL[m] 0.400000
WaterLVL at time zero[m] -0.061609
Timestep[s] | HighestPointXYZ[m] | AngleToY[°] | Distance[m] | AngleX[°] | AngleY[°]
0.000000 -0.002598 0.002597 -0.063171 0.000000 -0.063171 -0.003089 0.006806
0.147500 0.043838 -0.011389 -0.006074 104.563227 0.389916 -13.929184 0.138879
0.295000 -0.057591 0.018115 0.030263 287.460901 0.373496 -43.769035 0.678016
0.442500 -0.052493 0.031908 0.016071 301.293589 0.386949 -27.159054 0.676889
0.590000 0.051890 -0.004786 0.002466 95.269904 0.390915 -5.440203 0.037151
0.737500 -0.042463 -0.024327 0.006332 240.191354 0.392893 -9.285311 -0.087514
0.885000 -0.034154 -0.051990 0.002983 213.302172 0.389818 6.191618 -0.750557
1.032500 0.058486 -0.044700 0.017283 127.390154 0.386214 28.726924 -0.607036
1.180000 0.017254 -0.063110 0.002274 164.709197 0.390659 25.263691 -1.828976
1.327500 -0.038643 -0.032967 -0.002889 229.531942 0.383420 18.620983 -1.462999
1.475000 0.017855 -0.057610 0.001591 162.780143 0.392014 24.848622 0.727068
1.622500 0.058223 -0.007201 0.012225 97.050227 0.391705 22.735536 3.801721
1.770000 -0.041071 -0.014114 -0.003558 251.034279 0.393701 11.243645 4.054755
1.917500 -0.046739 -0.011607 -0.002768 256.053150 0.394928 8.174240 5.361725
2.065000 -0.033043 0.033221 -0.000403 315.153564 0.395802 10.500743 5.197084
2.212500 -0.046280 -0.000390 -0.001737 269.517182 0.395716 7.988757 3.347659
2.360000 -0.049445 0.006623 -0.001042 277.629176 0.395585 6.493237 3.361657
2.507500 -0.019777 0.038982 0.001410 333.099646 0.396950 6.764627 2.109232
2.655000 -0.038911 -0.043523 0.001163 221.797766 0.395950 2.273065 0.319608
2.802500 -0.034352 -0.040430 0.002545 220.353428 0.396260 -0.958731 -0.850415
2.950000 -0.031147 -0.052526 0.003411 210.667200 0.396520 -2.242519 -2.334552
3.097500 -0.047406 -0.033596 0.004709 234.675308 0.396085 -5.424951 -4.238727
3.245000 -0.045857 -0.036015 0.004917 231.854750 0.396241 -6.406654 -3.508629
3.392500 -0.040904 -0.042010 0.004362 224.235770 0.396602 -4.983575 -3.729075
3.540000 -0.010369 -0.065631 0.007397 188.977916 0.392877 -4.124812 -7.990570
3.687500 -0.010213 -0.063411 0.010830 189.149506 0.388781 -3.168954 -10.560351
3.835000 -0.004338 -0.065665 0.010354 183.779616 0.388690 -0.123329 -7.522743
3.982500 0.000552 -0.065717 0.010445 179.518747 0.388362 0.622742 -6.723614
4.130000 0.015092 -0.064203 0.003662 166.771817 0.395302 -0.596788 -5.093001
4.277500 -0.013235 -0.055648 -0.000861 193.378345 0.399504 0.180530 0.815654
4.425000 -0.003716 -0.048821 -0.001075 184.352663 0.400017 0.942923 1.463022
4.572500 -0.035206 0.026957 0.002386 307.441040 0.397673 -0.550200 1.912604
4.720000 -0.015460 0.050384 0.006840 342.941712 0.393426 -2.810591 6.781088
4.867500 -0.002589 0.055657 0.007430 357.336708 0.393186 -1.848659 7.294625
5.015000 0.022740 0.044617 0.003946 27.006474 0.397502 0.741666 4.415554
5.162500 -0.000636 0.015058 0.002847 357.581518 0.397213 3.611216 5.307105
5.310000 0.045632 -0.050633 0.000447 137.973862 0.393157 10.289444 2.046151
5.457500 0.047724 -0.050063 0.007970 136.370216 0.384592 16.342790 -1.931010
5.605000 0.053430 -0.046016 0.008080 130.736314 0.386436 14.897642 -2.825143
5.752500 0.052370 -0.044145 0.005730 130.129028 0.391791 7.490786 -6.257990
5.900000 0.037953 -0.051044 0.010566 143.367906 0.389608 3.613343 -10.996021
6.047500 0.027110 -0.051392 0.013565 152.187679 0.388456 3.285063 -14.125400
6.195000 0.005271 -0.055101 0.010351 174.535693 0.392572 -3.715028 -10.262031
6.342500 0.044715 -0.043930 0.008080 134.492628 0.393927 -4.686927 -9.180219
6.490000 -0.016208 -0.050394 0.003991 197.829120 0.396463 1.206100 -6.035887
6.637500 -0.017266 0.043800 0.006217 338.485596 0.395810 2.349343 5.194665
6.785000 -0.010182 0.054764 0.013408 349.467542 0.390550 5.133398 12.029087
6.932500 0.058054 -0.026130 -0.001575 114.232423 0.386757 12.934449 10.880564
7.080000 0.039488 0.054782 0.019934 35.784844 0.380106 14.842285 17.658801
7.227500 0.033820 0.055409 0.027025 31.398645 0.371872 15.446259 24.330802
7.375000 0.048783 0.051677 0.026865 43.349909 0.370368 19.287459 24.672398
7.522500 0.054630 0.048743 0.022710 48.259423 0.375468 18.564621 20.440742
7.670000 0.034464 0.054365 0.019069 32.372134 0.383598 12.411161 16.779272
7.817500 0.010278 0.054163 0.013667 10.744724 0.389921 7.059826 11.435804
7.965000 0.037998 0.047969 0.003234 38.384033 0.398304 2.916864 3.631438
8.112500 -0.025022 -0.052822 0.002714 205.347108 0.398074 -1.191755 -4.582876
8.260000 0.005078 -0.060732 0.013730 175.220455 0.387542 -3.120199 -15.499963
8.407500 0.007032 -0.059958 0.018077 173.310789 0.380467 0.487081 -20.566293
8.555000 0.019878 -0.061240 0.019627 162.016996 0.373538 5.303839 -17.729640