[HEADER]
  GEAR_NOMINAL_VEL = 1.000000
  SAMPLING_MODE = CARTESIAN
  CRC = 4230818067
[RECORDS]
+0.000000 -1518.572600 -2138.653400 +1244.170800 -69.997600 +0.000000 +90.000000 +22 +50
+0.147500 -1509.285200 -2138.786800 +1247.564900 -69.292300 +11.170900 +90.000000 +22 +50
+0.294900 -1456.915700 -2140.531100 +1265.977000 -68.584600 +12.102500 +90.000000 +22 +50
+0.442400 -1345.766000 -2144.288900 +1304.858600 -67.876300 +10.175200 +90.000000 +22 +50
+0.589800 -1182.051100 -2149.441400 +1361.488300 -67.167000 +5.399700 +90.000000 +22 +50
+0.737300 -985.510500 -2154.756000 +1427.244800 -66.455600 -0.942700 +90.000000 +22 +50
+0.884700 -780.962800 -2158.820100 +1489.786100 -65.740700 -6.743700 +90.000000 +22 +50
+1.032200 -589.513600 -2160.517200 +1535.414100 -65.021100 -10.522700 +90.000000 +22 +50
+1.179700 -421.776700 -2159.129600 +1554.279400 -64.295100 -12.498800 +90.000000 +22 +50
+1.327100 -284.540100 -2154.317900 +1549.144800 -63.559900 -12.857600 +90.000000 +22 +50
+1.474600 -179.687700 -2148.280300 +1521.183200 -62.808300 -11.899200 +90.000000 +22 +50
+1.622000 -103.825300 -2145.214900 +1468.506700 -62.023900 -10.087700 +90.000000 +22 +50
+1.769500 -50.641300 -2149.955300 +1390.537900 -61.179500 -7.988700 +90.000000 +22 +50
+1.916900 -13.343800 -2166.732800 +1292.550400 -60.241700 -6.385400 +90.000000 +22 +50
+2.064400 +12.810500 -2198.286000 +1190.186600 -59.181900 -5.715400 +90.000000 +22 +50
+2.211900 +28.407100 -2245.594100 +1108.669400 -57.987100 -5.380100 +90.000000 +22 +50
+2.359300 +32.992700 -2308.009800 +1063.898900 -56.658200 -4.909000 +90.000000 +22 +50
+2.506800 +28.904600 -2382.328300 +1058.569600 -55.191500 -4.047800 +90.000000 +22 +50
+2.654200 +20.578400 -2463.438300 +1086.561900 -53.551900 -2.788300 +90.000000 +22 +50
+2.801700 +13.379900 -2545.455900 +1136.578000 -51.660900 -1.368400 +90.000000 +22 +50
+2.949200 +12.494800 -2622.762900 +1195.558300 -49.416500 -0.082400 +90.000000 +22 +50
+3.096600 +21.893100 -2690.913900 +1251.958500 -46.739900 +0.843900 +90.000000 +22 +50
+3.244100 +44.174000 -2748.104000 +1296.667300 -43.621400 +1.257000 +90.000000 +22 +50
+3.391500 +80.591000 -2792.644600 +1323.052600 -40.128500 +1.045600 +90.000000 +22 +50
+3.539000 +130.216200 -2819.827300 +1329.740000 -36.373700 +0.358900 +90.000000 +22 +50
+3.686400 +190.720000 -2823.914400 +1319.633700 -32.466900 -0.460900 +90.000000 +22 +50
+3.833900 +259.295400 -2800.441400 +1298.575100 -28.485800 -1.085500 +90.000000 +22 +50
+3.981400 +333.565500 -2748.454700 +1274.048900 -24.472200 -1.338200 +90.000000 +22 +50
+4.128800 +412.465300 -2672.818700 +1253.953100 -20.444000 -1.355900 +90.000000 +22 +50
+4.276300 +496.472500 -2585.306700 +1243.040300 -16.408600 -1.355100 +90.000000 +22 +50
+4.423700 +584.583100 -2495.771000 +1231.789100 -12.373500 -1.271200 +90.000000 +22 +50
+4.571200 +676.873700 -2411.853800 +1215.420600 -8.355200 -0.823300 +90.000000 +22 +50
+4.718600 +775.047100 -2340.811100 +1199.082500 -4.389800 -0.399500 +90.000000 +22 +50
+4.866100 +880.726000 -2288.197500 +1192.128100 -0.544000 -0.723900 +90.000000 +22 +50
+5.013600 +993.777300 -2256.520400 +1202.270300 +3.085700 -1.950300 +90.000000 +22 +50
+5.161000 +1110.723100 -2243.917300 +1229.727800 +6.395100 -3.926900 +90.000000 +22 +50
+5.308500 +1223.345400 -2243.068000 +1261.755200 +9.314000 -5.924700 +90.000000 +22 +50
+5.455900 +1321.413500 -2245.837300 +1280.873400 +11.840400 -6.549200 +90.000000 +22 +50
+5.603400 +1399.607300 -2245.839900 +1282.695100 +14.040300 -5.369800 +90.000000 +22 +50
+5.750800 +1456.707800 -2233.436100 +1269.720100 +16.012400 -2.833400 +90.000000 +22 +50
+5.898300 +1494.454700 -2197.704600 +1248.442300 +17.842100 +0.204000 +90.000000 +22 +50
+6.045800 +1516.547500 -2128.826100 +1227.230000 +19.571300 +2.768800 +90.000000 +22 +50
+6.193200 +1527.686000 -2020.517300 +1214.299800 +21.193800 +4.044700 +90.000000 +22 +50
+6.340700 +1532.712500 -1872.797700 +1215.754000 +22.672000 +3.328300 +90.000000 +22 +50
+6.488100 +1535.785200 -1694.963500 +1233.566800 +23.964100 +0.550700 +90.000000 +22 +50
+6.635600 +1539.683700 -1507.599000 +1264.669400 +25.051500 -3.515700 +90.000000 +22 +50
+6.783100 +1546.219100 -1334.843300 +1305.510600 +25.947500 -7.782900 +90.000000 +22 +50
+6.930500 +1555.733400 -1195.980700 +1348.796500 +26.680500 -11.620200 +90.000000 +22 +50
+7.078000 +1567.239100 -1105.025200 +1383.472300 +27.253200 -14.752700 +90.000000 +22 +50
+7.225400 +1579.027100 -1070.802900 +1397.717300 +27.596400 -16.572900 +90.000000 +22 +50
+7.372900 +1589.134300 -1096.950000 +1382.161800 +27.541400 -16.621400 +90.000000 +22 +50
+7.520300 +1595.716900 -1181.976000 +1332.977900 +26.841600 -14.805600 +90.000000 +22 +50
+7.667800 +1597.533500 -1319.564000 +1254.667100 +25.256300 -11.152800 +90.000000 +22 +50
+7.815300 +1594.529200 -1499.729700 +1161.617900 +22.662600 -6.502900 +90.000000 +22 +50
+7.962700 +1587.719500 -1711.960200 +1067.534900 +19.121000 -2.142500 +90.000000 +22 +50
+8.110200 +1578.929500 -1933.329300 +981.993700 +14.845000 +0.870100 +90.000000 +22 +50
+8.257600 +1570.389000 -2131.134500 +913.359000 +10.100000 +1.338900 +90.000000 +22 +50
+8.405100 +1564.125000 -2275.531800 +866.971400 +5.108600 -1.374200 +90.000000 +22 +50
+8.552500 +1561.339500 -2351.524900 +843.358200 +0.011800 -5.643900 +90.000000 +22 +50
+8.700000 +1561.634000 -2370.323600 +836.462500 -5.117100 -10.000000 +90.000000 +22 +50
[END]


true
stable state found
Calculation time[s] 953.801555
LimitWaterLVL[m] 0.400000
WaterLVL at time zero[m] -0.061609
Timestep[s] | HighestPointXYZ[m] | AngleToY[°] | Distance[m] | AngleX[°] | AngleY[°]
0.000000 -0.002598 0.002597 -0.063171 0.000000 -0.063171 -0.003089 0.006806
0.147500 0.043838 -0.011389 -0.006074 104.563227 0.389916 -14.151665 0.187481
0.295000 -0.058364 0.013947 0.030412 283.439502 0.373534 -44.143186 0.787027
0.442500 -0.062758 0.012923 0.010244 281.635854 0.394620 -20.895111 0.275076
0.590000 0.051056 -0.009306 -0.001270 100.329820 0.394734 -5.949194 -0.102590
0.737500 -0.049226 -0.032774 0.014389 236.344865 0.384718 -14.429351 -0.146551
0.885000 0.031082 -0.021756 0.006179 124.990659 0.394547 14.473843 -0.897146
1.032500 0.060691 -0.041163 0.021050 124.146908 0.382967 30.952889 -0.690482
1.180000 -0.040106 -0.020503 0.005002 242.922848 0.376559 13.735255 -1.483087
1.327500 -0.002393 -0.063541 0.001101 182.156768 0.386783 19.958330 -1.267939
1.475000 0.068795 -0.019708 0.020586 105.985647 0.384826 33.404958 1.020378
1.622500 -0.037167 0.015479 -0.000761 292.610039 0.388495 13.782671 2.581970
1.770000 -0.046651 -0.016227 0.000114 250.820921 0.389253 5.947308 3.659882
1.917500 0.059601 -0.029296 0.009018 116.175440 0.394537 16.833791 4.641939
2.065000 -0.048543 -0.003744 -0.002233 265.589886 0.395415 7.015014 4.556854
2.212500 -0.048660 0.012208 0.002386 284.084330 0.391638 3.152787 3.218173
2.360000 0.064345 -0.018247 0.008670 105.832313 0.394892 14.159856 3.560619
2.507500 -0.046847 -0.026357 0.000305 240.637079 0.395026 1.547129 1.810273
2.655000 -0.045921 -0.031738 0.001425 235.349963 0.395524 0.670430 0.115297
2.802500 0.060238 -0.011971 0.004620 101.239859 0.396543 5.338091 -0.950676
2.950000 -0.048057 -0.031391 0.003953 236.847290 0.395966 -6.768195 -2.677870
3.097500 -0.040466 -0.044899 0.007841 222.027303 0.392925 -6.887003 -4.071945
3.245000 0.051453 -0.024646 0.002159 115.594433 0.396974 -0.604243 -2.619115
3.392500 -0.055084 -0.009137 0.004643 260.581876 0.396246 -7.679598 -4.485783
3.540000 -0.015349 -0.062684 0.011120 193.758902 0.389169 -8.026052 -8.733711
3.687500 0.005037 -0.066182 0.007062 175.647706 0.392633 2.559665 -7.734696
3.835000 -0.009578 -0.062602 0.006701 188.698701 0.392307 -0.542555 -6.766013
3.982500 0.000552 -0.065717 0.010445 179.518747 0.388362 -3.322735 -8.503115
4.130000 0.024522 -0.061264 0.003747 158.185370 0.395416 3.423929 -3.827587
4.277500 -0.041225 0.016374 0.001801 291.662292 0.397821 0.160850 1.578592
4.425000 -0.015036 -0.044834 0.002578 198.539932 0.396305 -2.409809 -0.555837
4.572500 0.008054 0.053197 0.002883 8.609171 0.397804 1.924625 2.475437
4.720000 0.000740 0.056010 0.007352 0.756944 0.392996 -2.090515 7.655286
4.867500 -0.047449 -0.011800 0.002982 256.034525 0.396637 -3.701701 4.306276
5.015000 0.030880 0.050263 0.004869 31.565049 0.396845 2.775291 4.678435
5.162500 -0.013796 0.048062 0.005900 343.984249 0.396152 3.720690 5.815243
5.310000 0.031362 -0.055314 0.002217 150.447577 0.390648 9.146011 -0.314297
5.457500 0.051104 -0.046906 0.008360 132.547385 0.384616 16.082126 -1.553474
5.605000 0.056820 -0.041638 0.004738 126.234161 0.390204 12.289379 -0.458282
5.752500 0.024570 -0.055450 0.007850 156.101777 0.389021 6.418171 -7.483136
5.900000 0.045423 -0.045084 0.010724 134.785396 0.389428 6.644558 -11.786906
6.047500 0.024210 -0.054908 0.009460 156.206582 0.392727 -0.305538 -8.315556
6.195000 0.018351 -0.053445 0.009439 161.049492 0.393384 -4.832164 -10.840424
6.342500 0.007345 -0.054430 0.010526 172.314705 0.391994 -0.756960 -10.671139
6.490000 -0.044978 0.001144 0.000254 271.456984 0.399687 -2.342221 -1.896200
6.637500 -0.026616 -0.010344 0.001696 248.761961 0.397066 1.348927 4.030511
6.785000 0.062698 0.009922 0.003935 81.007478 0.392874 9.014165 8.172162
6.932500 -0.003886 0.054755 0.017306 355.940486 0.385895 10.185275 14.148726
7.080000 0.050158 0.053332 0.018656 43.243310 0.380633 13.681621 16.798071
7.227500 0.064920 0.021429 0.011563 71.732812 0.375912 18.983790 17.900696
7.375000 0.062253 0.041757 0.018427 56.147759 0.375134 17.124001 19.971187
7.522500 0.035570 0.055773 0.021283 32.528256 0.379212 15.056608 18.713827
7.670000 0.058444 0.021029 0.008081 70.210532 0.387532 14.160647 12.776659
7.817500 0.042128 0.039529 0.006084 46.823009 0.395633 7.075218 7.770187
7.965000 0.024958 0.028181 0.002428 41.529134 0.398362 1.257837 6.351339
8.112500 -0.021212 -0.054195 0.002430 201.375445 0.398373 -0.180944 -5.154675
8.260000 -0.017462 -0.055771 0.014212 197.385461 0.387037 -2.815757 -16.595346
8.407500 0.021632 -0.061333 0.014719 160.572378 0.383882 -0.642307 -15.383936
8.555000 0.024678 -0.061159 0.016636 158.025647 0.376683 6.118211 -16.659050