[HEADER]
  GEAR_NOMINAL_VEL = 1.000000
  SAMPLING_MODE = CARTESIAN
  CRC = 4230818067
[RECORDS]
+0.000000 -1518.572600 -2138.653400 +1244.170800 -69.997600 +0.000000 +90.000000 +22 +50
+0.147500 -1509.285200 -2138.786800 +1247.564900 -69.292300 +11.170900 +90.000000 +22 +50
+0.294900 -1456.915700 -2140.531100 +1265.977000 -68.584600 +12.102500 +90.000000 +22 +50
+0.442400 -1345.766000 -2144.288900 +1304.858600 -67.876300 +10.175200 +90.000000 +22 +50
+0.589800 -1182.051100 -2149.441400 +1361.488300 -67.167000 +5.399700 +90.000000 +22 +50
+0.737300 -985.510500 -2154.756000 +1427.244800 -66.455600 -0.942700 +90.000000 +22 +50
+0.884700 -780.962800 -2158.820100 +1489.786100 -65.740700 -6.743700 +90.000000 +22 +50
+1.032200 -589.513600 -2160.517200 +1535.414100 -65.021100 -10.522700 +90.000000 +22 +50
+1.179700 -421.776700 -2159.129600 +1554.279400 -64.295100 -12.498800 +90.000000 +22 +50
+1.327100 -284.540100 -2154.317900 +1549.144800 -63.559900 -12.857600 +90.000000 +22 +50
+1.474600 -179.687700 -2148.280300 +1521.183200 -62.808300 -11.899200 +90.000000 +22 +50
+1.622000 -103.825300 -2145.214900 +1468.506700 -62.023900 -10.087700 +90.000000 +22 +50
+1.769500 -50.641300 -2149.955300 +1390.537900 -61.179500 -7.988700 +90.000000 +22 +50
+1.916900 -13.343800 -2166.732800 +1292.550400 -60.241700 -6.385400 +90.000000 +22 +50
+2.064400 +12.810500 -2198.286000 +1190.186600 -59.181900 -5.715400 +90.000000 +22 +50
+2.211900 +28.407100 -2245.594100 +1108.669400 -57.987100 -5.380100 +90.000000 +22 +50
+2.359300 +32.992700 -2308.009800 +1063.898900 -56.658200 -4.909000 +90.000000 +22 +50
+2.506800 +28.904600 -2382.328300 +1058.569600 -55.191500 -4.047800 +90.000000 +22 +50
+2.654200 +20.578400 -2463.438300 +1086.561900 -53.551900 -2.788300 +90.000000 +22 +50
+2.801700 +13.379900 -2545.455900 +1136.578000 -51.660900 -1.368400 +90.000000 +22 +50
+2.949200 +12.494800 -2622.762900 +1195.558300 -49.416500 -0.082400 +90.000000 +22 +50
+3.096600 +21.893100 -2690.913900 +1251.958500 -46.739900 +0.843900 +90.000000 +22 +50
+3.244100 +44.174000 -2748.104000 +1296.667300 -43.621400 +1.257000 +90.000000 +22 +50
+3.391500 +80.591000 -2792.644600 +1323.052600 -40.128500 +1.045600 +90.000000 +22 +50
+3.539000 +130.216200 -2819.827300 +1329.740000 -36.373700 +0.358900 +90.000000 +22 +50
+3.686400 +190.720000 -2823.914400 +1319.633700 -32.466900 -0.460900 +90.000000 +22 +50
+3.833900 +259.295400 -2800.441400 +1298.575100 -28.485800 -1.085500 +90.000000 +22 +50
+3.981400 +333.565500 -2748.454700 +1274.048900 -24.472200 -1.338200 +90.000000 +22 +50
+4.128800 +412.465300 -2672.818700 +1253.953100 -20.444000 -1.355900 +90.000000 +22 +50
+4.276300 +496.472500 -2585.306700 +1243.040300 -16.408600 -1.355100 +90.000000 +22 +50
+4.423700 +584.583100 -2495.771000 +1231.789100 -12.373500 -1.271200 +90.000000 +22 +50
+4.571200 +676.873700 -2411.853800 +1215.420600 -8.355200 -0.823300 +90.000000 +22 +50
+4.718600 +775.047100 -2340.811100 +1199.082500 -4.389800 -0.399500 +90.000000 +22 +50
+4.866100 +880.726000 -2288.197500 +1192.128100 -0.544000 -0.723900 +90.000000 +22 +50
+5.013600 +993.777300 -2256.520400 +1202.270300 +3.085700 -1.950300 +90.000000 +22 +50
+5.161000 +1110.723100 -2243.917300 +1229.727800 +6.395100 -3.926900 +90.000000 +22 +50
+5.308500 +1223.345400 -2243.068000 +1261.755200 +9.314000 -5.924700 +90.000000 +22 +50
+5.455900 +1321.413500 -2245.837300 +1280.873400 +11.840400 -6.549200 +90.000000 +22 +50
+5.603400 +1399.607300 -2245.839900 +1282.695100 +14.040300 -5.369800 +90.000000 +22 +50
+5.750800 +1456.707800 -2233.436100 +1269.720100 +16.012400 -2.833400 +90.000000 +22 +50
+5.898300 +1494.454700 -2197.704600 +1248.442300 +17.842100 +0.204000 +90.000000 +22 +50
+6.045800 +1516.547500 -2128.826100 +1227.230000 +19.571300 +2.768800 +90.000000 +22 +50
+6.193200 +1527.686000 -2020.517300 +1214.299800 +21.193800 +4.044700 +90.000000 +22 +50
+6.340700 +1532.712500 -1872.797700 +1215.754000 +22.672000 +3.328300 +90.000000 +22 +50
+6.488100 +1535.785200 -1694.963500 +1233.566800 +23.964100 +0.550700 +90.000000 +22 +50
+6.635600 +1539.683700 -1507.599000 +1264.669400 +25.051500 -3.515700 +90.000000 +22 +50
+6.783100 +1546.219100 -1334.843300 +1305.510600 +25.947500 -7.782900 +90.000000 +22 +50
+6.930500 +1555.733400 -1195.980700 +1348.796500 +26.680500 -11.620200 +90.000000 +22 +50
+7.078000 +1567.239100 -1105.025200 +1383.472300 +27.253200 -14.752700 +90.000000 +22 +50
+7.225400 +1579.027100 -1070.802900 +1397.717300 +27.596400 -16.572900 +90.000000 +22 +50
+7.372900 +1589.134300 -1096.950000 +1382.161800 +27.541400 -16.621400 +90.000000 +22 +50
+7.520300 +1595.716900 -1181.976000 +1332.977900 +26.841600 -14.805600 +90.000000 +22 +50
+7.667800 +1597.533500 -1319.564000 +1254.667100 +25.256300 -11.152800 +90.000000 +22 +50
+7.815300 +1594.529200 -1499.729700 +1161.617900 +22.662600 -6.502900 +90.000000 +22 +50
+7.962700 +1587.719500 -1711.960200 +1067.534900 +19.121000 -2.142500 +90.000000 +22 +50
+8.110200 +1578.929500 -1933.329300 +981.993700 +14.845000 +0.870100 +90.000000 +22 +50
+8.257600 +1570.389000 -2131.134500 +913.359000 +10.100000 +1.338900 +90.000000 +22 +50
+8.405100 +1564.125000 -2275.531800 +866.971400 +5.108600 -1.374200 +90.000000 +22 +50
+8.552500 +1561.339500 -2351.524900 +843.358200 +0.011800 -5.643900 +90.000000 +22 +50
+8.700000 +1561.634000 -2370.323600 +836.462500 -5.117100 -10.000000 +90.000000 +22 +50
[END]


true
stable state found
Calculation time[s] 981.594178
LimitWaterLVL[m] 0.400000
WaterLVL at time zero[m] -0.061609
Timestep[s] | HighestPointXYZ[m] | AngleToY[°] | Distance[m] | AngleX[°] | AngleY[°]
0.000000 -0.002598 0.002597 -0.063171 0.000000 -0.063171 -0.003089 0.006806
0.147500 0.043838 -0.011389 -0.006074 104.563227 0.389916 -14.156774 0.252143
0.295000 -0.061497 -0.012322 0.031174 258.670010 0.373582 -43.838198 0.898270
0.442500 0.023096 0.039548 -0.001532 30.284641 0.390881 -18.207603 0.394796
0.590000 0.033028 -0.006280 -0.000294 100.765300 0.395442 -7.007682 -0.320843
0.737500 -0.052317 -0.014317 0.018135 254.695325 0.380940 -15.825660 0.085731
0.885000 0.047851 -0.051767 0.008586 137.251037 0.393859 18.307392 -0.772327
1.032500 0.061064 -0.041174 0.018019 123.990785 0.386015 30.048938 -0.491470
1.180000 -0.039956 -0.024909 0.012800 238.060659 0.368884 9.709914 -1.379018
1.327500 0.003057 -0.061411 0.002185 177.150219 0.386984 23.938868 -0.444752
1.475000 0.065965 -0.028610 0.023552 113.446874 0.381115 34.733000 0.935399
1.622500 -0.044947 0.008050 0.001880 280.153589 0.384365 8.437163 2.457269
1.770000 -0.046651 -0.016227 0.000114 250.820921 0.389253 7.642892 3.487349
1.917500 0.065251 -0.017171 0.013980 104.743550 0.390454 21.023315 5.169327
2.065000 -0.047203 -0.022259 0.001779 244.753754 0.391209 2.126293 4.115890
2.212500 -0.046540 -0.023690 -0.001194 243.022791 0.394697 4.590408 3.248437
2.360000 0.064825 -0.013644 0.012691 101.885807 0.391017 17.089172 3.877981
2.507500 -0.047817 -0.020531 0.007479 246.762953 0.387909 -3.863374 1.306159
2.655000 -0.029711 -0.055010 -0.001703 208.373562 0.399084 4.162315 -0.219947
2.802500 0.060038 -0.002892 0.004850 92.757777 0.396377 6.500962 0.033215
2.950000 -0.051577 0.016095 0.011218 287.330934 0.388721 -12.194758 -3.310159
3.097500 -0.030666 -0.056330 0.004133 208.563832 0.396566 -3.087075 -3.786559
3.245000 0.060893 -0.013725 0.002246 102.701943 0.396595 1.889862 -2.318429
3.392500 -0.054654 0.000207 0.012009 270.217005 0.388789 -13.356853 -5.137533
3.540000 -0.014789 -0.064626 0.010707 192.889613 0.389587 -4.987372 -8.365447
3.687500 0.042117 -0.049192 0.007399 139.430662 0.392616 5.828292 -6.891008
3.835000 -0.004148 -0.065559 0.007326 183.620350 0.391722 -6.189505 -8.291722
3.982500 0.000752 -0.065602 0.007418 179.343244 0.391394 -1.431372 -8.726962
4.130000 0.046852 -0.040783 0.004239 131.038412 0.395635 6.584016 -2.365016
4.277500 -0.050185 -0.013622 0.006158 254.813783 0.392769 -5.623541 0.515330
4.425000 0.009004 -0.061820 -0.000158 171.713216 0.399008 -0.152505 -0.320002
4.572500 0.067294 0.007249 0.004065 83.851730 0.396445 5.511409 4.528805
4.720000 -0.044110 0.014227 0.007015 287.876306 0.392939 -7.027443 6.334307
4.867500 -0.034479 0.032831 0.003218 313.597466 0.396986 -1.761614 3.515755
5.015000 0.060760 0.018334 0.005280 73.208924 0.395690 5.241229 6.459616
5.162500 -0.037246 -0.016286 0.004447 246.382405 0.392940 -1.004991 4.302725
5.310000 0.040962 -0.054003 0.003673 142.819195 0.389517 11.287589 -0.375144
5.457500 0.059884 -0.034676 0.009587 120.073108 0.384920 18.750294 0.256466
5.605000 0.040310 -0.052947 0.003171 142.716989 0.390552 7.565302 -1.722092
5.752500 0.048700 -0.047959 0.009436 134.560772 0.387889 7.972507 -8.797984
5.900000 0.045423 -0.045084 0.010724 134.785396 0.389428 9.383565 -9.591422
6.047500 0.042790 -0.047408 0.008294 137.930777 0.393524 -4.415269 -8.851596
6.195000 -0.000389 -0.053922 0.010757 180.413330 0.392076 -3.041126 -12.008636
6.342500 0.026575 -0.052426 0.009390 153.119323 0.393064 0.609199 -8.871350
6.490000 -0.046908 0.016841 0.004388 289.749250 0.395401 -5.711730 -2.624039
6.637500 0.002254 -0.036409 -0.000430 176.457467 0.397440 4.269055 2.350017
6.785000 0.053178 0.047196 0.010172 48.410629 0.391848 9.838393 10.089846
6.932500 -0.033656 0.020559 0.011144 301.418960 0.385787 6.509611 13.473407
7.080000 0.040708 0.057362 0.020229 35.362119 0.380434 16.436906 16.379504
7.227500 0.064050 0.043859 0.019751 55.598143 0.374439 20.024625 19.346718
7.375000 0.036183 0.056937 0.022731 32.435626 0.376293 13.709185 19.656620
7.522500 0.062120 0.028514 0.012373 65.344176 0.380102 16.951130 16.757938
7.670000 0.052634 0.045691 0.014757 49.039109 0.385836 15.848209 13.224956
7.817500 -0.027892 0.029847 0.005957 316.939252 0.395031 4.126174 8.341090
7.965000 0.023578 0.031761 0.002408 36.588604 0.398515 2.541488 5.145888
8.112500 -0.016992 -0.055660 0.002410 196.976491 0.398410 1.253133 -4.976669
8.260000 -0.025702 -0.052374 0.014330 206.138889 0.386874 -5.611521 -16.094019
8.407500 0.016182 -0.059864 0.014956 164.873727 0.383646 1.252767 -15.251512
8.555000 0.024678 -0.061159 0.016636 158.025647 0.376683 6.420998 -16.070151