[HEADER]
  GEAR_NOMINAL_VEL = 1.000000
  SAMPLING_MODE = CARTESIAN
  CRC = 4230818067
[RECORDS]
+0.000000 -1518.572600 -2138.653400 +1244.170800 -69.997600 +0.000000 +90.000000 +22 +50
+0.147500 -1509.285200 -2138.786800 +1247.564900 -69.292300 +11.170900 +90.000000 +22 +50
+0.294900 -1456.915700 -2140.531100 +1265.977000 -68.584600 +12.102500 +90.000000 +22 +50
+0.442400 -1345.766000 -2144.288900 +1304.858600 -67.876300 +10.175200 +90.000000 +22 +50
+0.589800 -1182.051100 -2149.441400 +1361.488300 -67.167000 +5.399700 +90.000000 +22 +50
+0.737300 -985.510500 -2154.756000 +1427.244800 -66.455600 -0.942700 +90.000000 +22 +50
+0.884700 -780.962800 -2158.820100 +1489.786100 -65.740700 -6.743700 +90.000000 +22 +50
+1.032200 -589.513600 -2160.517200 +1535.414100 -65.021100 -10.522700 +90.000000 +22 +50
+1.179700 -421.776700 -2159.129600 +1554.279400 -64.295100 -12.498800 +90.000000 +22 +50
+1.327100 -284.540100 -2154.317900 +1549.144800 -63.559900 -12.857600 +90.000000 +22 +50
+1.474600 -179.687700 -2148.280300 +1521.183200 -62.808300 -11.899200 +90.000000 +22 +50
+1.622000 -103.825300 -2145.214900 +1468.506700 -62.023900 -10.087700 +90.000000 +22 +50
+1.769500 -50.641300 -2149.955300 +1390.537900 -61.179500 -7.988700 +90.000000 +22 +50
+1.916900 -13.343800 -2166.732800 +1292.550400 -60.241700 -6.385400 +90.000000 +22 +50
+2.064400 +12.810500 -2198.286000 +1190.186600 -59.181900 -5.715400 +90.000000 +22 +50
+2.211900 +28.407100 -2245.594100 +1108.669400 -57.987100 -5.380100 +90.000000 +22 +50
+2.359300 +32.992700 -2308.009800 +1063.898900 -56.658200 -4.909000 +90.000000 +22 +50
+2.506800 +28.904600 -2382.328300 +1058.569600 -55.191500 -4.047800 +90.000000 +22 +50
+2.654200 +20.578400 -2463.438300 +1086.561900 -53.551900 -2.788300 +90.000000 +22 +50
+2.801700 +13.379900 -2545.455900 +1136.578000 -51.660900 -1.368400 +90.000000 +22 +50
+2.949200 +12.494800 -2622.762900 +1195.558300 -49.416500 -0.082400 +90.000000 +22 +50
+3.096600 +21.893100 -2690.913900 +1251.958500 -46.739900 +0.843900 +90.000000 +22 +50
+3.244100 +44.174000 -2748.104000 +1296.667300 -43.621400 +1.257000 +90.000000 +22 +50
+3.391500 +80.591000 -2792.644600 +1323.052600 -40.128500 +1.045600 +90.000000 +22 +50
+3.539000 +130.216200 -2819.827300 +1329.740000 -36.373700 +0.358900 +90.000000 +22 +50
+3.686400 +190.720000 -2823.914400 +1319.633700 -32.466900 -0.460900 +90.000000 +22 +50
+3.833900 +259.295400 -2800.441400 +1298.575100 -28.485800 -1.085500 +90.000000 +22 +50
+3.981400 +333.565500 -2748.454700 +1274.048900 -24.472200 -1.338200 +90.000000 +22 +50
+4.128800 +412.465300 -2672.818700 +1253.953100 -20.444000 -1.355900 +90.000000 +22 +50
+4.276300 +496.472500 -2585.306700 +1243.040300 -16.408600 -1.355100 +90.000000 +22 +50
+4.423700 +584.583100 -2495.771000 +1231.789100 -12.373500 -1.271200 +90.000000 +22 +50
+4.571200 +676.873700 -2411.853800 +1215.420600 -8.355200 -0.823300 +90.000000 +22 +50
+4.718600 +775.047100 -2340.811100 +1199.082500 -4.389800 -0.399500 +90.000000 +22 +50
+4.866100 +880.726000 -2288.197500 +1192.128100 -0.544000 -0.723900 +90.000000 +22 +50
+5.013600 +993.777300 -2256.520400 +1202.270300 +3.085700 -1.950300 +90.000000 +22 +50
+5.161000 +1110.723100 -2243.917300 +1229.727800 +6.395100 -3.926900 +90.000000 +22 +50
+5.308500 +1223.345400 -2243.068000 +1261.755200 +9.314000 -5.924700 +90.000000 +22 +50
+5.455900 +1321.413500 -2245.837300 +1280.873400 +11.840400 -6.549200 +90.000000 +22 +50
+5.603400 +1399.607300 -2245.839900 +1282.695100 +14.040300 -5.369800 +90.000000 +22 +50
+5.750800 +1456.707800 -2233.436100 +1269.720100 +16.012400 -2.833400 +90.000000 +22 +50
+5.898300 +1494.454700 -2197.704600 +1248.442300 +17.842100 +0.204000 +90.000000 +22 +50
+6.045800 +1516.547500 -2128.826100 +1227.230000 +19.571300 +2.768800 +90.000000 +22 +50
+6.193200 +1527.686000 -2020.517300 +1214.299800 +21.193800 +4.044700 +90.000000 +22 +50
+6.340700 +1532.712500 -1872.797700 +1215.754000 +22.672000 +3.328300 +90.000000 +22 +50
+6.488100 +1535.785200 -1694.963500 +1233.566800 +23.964100 +0.550700 +90.000000 +22 +50
+6.635600 +1539.683700 -1507.599000 +1264.669400 +25.051500 -3.515700 +90.000000 +22 +50
+6.783100 +1546.219100 -1334.843300 +1305.510600 +25.947500 -7.782900 +90.000000 +22 +50
+6.930500 +1555.733400 -1195.980700 +1348.796500 +26.680500 -11.620200 +90.000000 +22 +50
+7.078000 +1567.239100 -1105.025200 +1383.472300 +27.253200 -14.752700 +90.000000 +22 +50
+7.225400 +1579.027100 -1070.802900 +1397.717300 +27.596400 -16.572900 +90.000000 +22 +50
+7.372900 +1589.134300 -1096.950000 +1382.161800 +27.541400 -16.621400 +90.000000 +22 +50
+7.520300 +1595.716900 -1181.976000 +1332.977900 +26.841600 -14.805600 +90.000000 +22 +50
+7.667800 +1597.533500 -1319.564000 +1254.667100 +25.256300 -11.152800 +90.000000 +22 +50
+7.815300 +1594.529200 -1499.729700 +1161.617900 +22.662600 -6.502900 +90.000000 +22 +50
+7.962700 +1587.719500 -1711.960200 +1067.534900 +19.121000 -2.142500 +90.000000 +22 +50
+8.110200 +1578.929500 -1933.329300 +981.993700 +14.845000 +0.870100 +90.000000 +22 +50
+8.257600 +1570.389000 -2131.134500 +913.359000 +10.100000 +1.338900 +90.000000 +22 +50
+8.405100 +1564.125000 -2275.531800 +866.971400 +5.108600 -1.374200 +90.000000 +22 +50
+8.552500 +1561.339500 -2351.524900 +843.358200 +0.011800 -5.643900 +90.000000 +22 +50
+8.700000 +1561.634000 -2370.323600 +836.462500 -5.117100 -10.000000 +90.000000 +22 +50
[END]


true
stable state found
Calculation time[s] 1030.073319
LimitWaterLVL[m] 0.400000
WaterLVL at time zero[m] -0.061609
Timestep[s] | HighestPointXYZ[m] | AngleToY[°] | Distance[m] | AngleX[°] | AngleY[°]
0.000000 -0.002598 0.002597 -0.063171 0.000000 -0.063171 -0.003089 0.006806
0.147500 0.043838 -0.011389 -0.006074 104.563227 0.389916 -13.886762 0.269739
0.295000 -0.061497 -0.012322 0.031174 258.670010 0.373582 -43.988700 0.894628
0.442500 0.031110 0.035053 0.001060 41.589478 0.386944 -16.070115 0.595569
0.590000 0.014751 -0.008111 0.005122 118.803487 0.391777 -7.703805 -0.311540
0.737500 -0.053120 0.003380 0.021467 273.641224 0.377613 -16.596432 0.221390
0.885000 0.057578 -0.041826 0.014100 125.995202 0.389609 19.687718 -1.249547
1.032500 0.013857 -0.063607 0.005054 167.709855 0.389818 29.810408 -0.719417
1.180000 -0.040586 -0.002724 0.024128 266.160393 0.358166 6.963134 -1.264724
1.327500 0.006437 -0.022755 0.002547 164.204502 0.388343 25.847837 -0.318116
1.475000 0.066085 -0.013781 0.027468 101.779167 0.377691 35.466577 0.885123
1.622500 -0.041087 0.020101 0.010269 296.068825 0.377068 4.738366 2.537732
1.770000 -0.044751 -0.020556 -0.003459 245.328180 0.392959 8.435776 3.416251
1.917500 0.058331 -0.019556 0.020673 108.534550 0.382998 23.782628 5.110256
2.065000 -0.046743 0.013863 0.009563 286.519710 0.384183 -1.438575 4.331169
2.212500 -0.048320 -0.009383 -0.001809 259.010805 0.395425 5.171056 2.935073
2.360000 0.064075 -0.018131 0.016096 105.799671 0.387473 19.957367 4.153718
2.507500 -0.049247 -0.016554 0.014998 251.420326 0.380383 -8.505904 1.215004
2.655000 0.060149 -0.028788 0.006253 115.576310 0.395691 7.527913 -0.101554
2.802500 0.059338 0.001637 0.008846 88.419741 0.392400 8.831567 0.020867
2.950000 -0.046687 -0.029707 0.019178 237.531349 0.380744 -18.508238 -3.875186
3.097500 0.057364 -0.031983 0.002915 119.141625 0.396452 -0.074739 -3.739863
3.245000 0.060843 0.000356 0.006315 89.664759 0.392391 6.288607 -1.666320
3.392500 -0.051574 0.004223 0.019819 274.681070 0.380895 -19.631565 -5.899008
3.540000 -0.014649 -0.064540 0.007674 192.788073 0.392618 -4.276719 -8.381670
3.687500 0.050257 -0.042688 0.011261 130.344377 0.388838 11.268086 -5.793224
3.835000 -0.050208 -0.014093 0.013713 254.320977 0.385329 -12.073908 -9.287368
3.982500 0.000752 -0.065602 0.007418 179.343244 0.391394 -1.298667 -8.950919
4.130000 0.061782 -0.026475 0.012289 113.196240 0.388074 12.147430 -0.985764
4.277500 -0.045675 -0.024143 0.013656 242.139859 0.385135 -12.354914 -0.648564
4.425000 0.022884 -0.059551 -0.000445 158.979447 0.399502 -0.071576 -0.305989
4.572500 0.065854 -0.013299 0.011761 101.417142 0.388480 11.766261 6.360831
4.720000 -0.047440 -0.019541 0.014255 247.612758 0.385475 -13.072411 5.339505
4.867500 -0.046359 0.003291 0.003056 274.060584 0.396746 -1.742697 2.719702
5.015000 0.055400 0.036702 0.012982 56.475599 0.388537 11.216358 8.675296
5.162500 -0.039446 -0.028788 0.015915 233.877739 0.380631 -7.701402 2.664829
5.310000 0.036792 -0.055640 0.003438 146.525293 0.389504 12.850847 -1.919000
5.457500 0.070474 0.009001 0.022505 82.721780 0.377189 25.516709 3.155729
5.605000 -0.022970 -0.047591 0.008431 205.764479 0.385198 0.262712 -3.601531
5.752500 0.052110 -0.044579 0.009310 130.546287 0.388194 6.950605 -10.206260
5.900000 0.061873 0.000634 0.014739 89.413108 0.385248 17.201704 -5.886477
6.047500 -0.047220 -0.020231 0.012972 246.807809 0.387570 -10.820258 -11.750085
6.195000 0.014161 -0.054067 0.013614 165.323017 0.389257 -3.377021 -13.480396
6.342500 0.050375 0.041756 0.008068 50.344555 0.388986 6.669744 -3.942541
6.490000 -0.047528 0.000997 0.011917 271.201724 0.388024 -12.397139 -7.228132
6.637500 0.054784 0.043913 0.007028 51.285518 0.394619 4.910557 1.857209
6.785000 0.063788 0.036227 0.015874 60.406538 0.384573 15.433277 15.502459
6.932500 -0.017456 -0.044640 0.006800 201.357458 0.376620 0.062291 8.731292
7.080000 0.060318 -0.021418 0.001102 109.549173 0.378398 17.717052 15.778334
7.227500 0.068170 0.035939 0.029036 62.201949 0.363145 26.361344 26.328328
7.375000 0.002173 -0.050968 -0.003167 177.558696 0.371786 8.291897 14.883437
7.522500 0.063800 -0.021772 0.000716 108.842408 0.378561 16.440529 13.340072
7.670000 0.062084 0.035481 0.024862 60.252038 0.373788 22.808112 21.280272
7.817500 -0.030502 -0.040164 0.001959 217.214356 0.391097 0.214841 5.227061
7.965000 0.030758 -0.055723 -0.001069 151.102166 0.398724 1.598544 0.380588
8.112500 0.048698 0.040315 0.005624 50.380091 0.393655 6.688157 2.107603
8.260000 -0.016952 -0.054540 0.021716 197.266202 0.379505 -10.372435 -20.430390
8.407500 0.035212 -0.056137 0.015303 147.901958 0.383503 1.766430 -17.283869
8.555000 0.031138 -0.061585 0.013237 153.178377 0.380244 9.937985 -8.828020