[HEADER]
  GEAR_NOMINAL_VEL = 1.000000
  SAMPLING_MODE = CARTESIAN
  CRC = 4230818067
[RECORDS]
+0.000000 -1518.572600 -2138.653400 +1244.170800 -69.997600 +0.000000 +90.000000 +22 +50
+0.147500 -1509.285200 -2138.786800 +1247.564900 -69.292300 +11.170900 +90.000000 +22 +50
+0.294900 -1456.915700 -2140.531100 +1265.977000 -68.584600 +12.102500 +90.000000 +22 +50
+0.442400 -1345.766000 -2144.288900 +1304.858600 -67.876300 +10.175200 +90.000000 +22 +50
+0.589800 -1182.051100 -2149.441400 +1361.488300 -67.167000 +5.399700 +90.000000 +22 +50
+0.737300 -985.510500 -2154.756000 +1427.244800 -66.455600 -0.942700 +90.000000 +22 +50
+0.884700 -780.962800 -2158.820100 +1489.786100 -65.740700 -6.743700 +90.000000 +22 +50
+1.032200 -589.513600 -2160.517200 +1535.414100 -65.021100 -10.522700 +90.000000 +22 +50
+1.179700 -421.776700 -2159.129600 +1554.279400 -64.295100 -12.498800 +90.000000 +22 +50
+1.327100 -284.540100 -2154.317900 +1549.144800 -63.559900 -12.857600 +90.000000 +22 +50
+1.474600 -179.687700 -2148.280300 +1521.183200 -62.808300 -11.899200 +90.000000 +22 +50
+1.622000 -103.825300 -2145.214900 +1468.506700 -62.023900 -10.087700 +90.000000 +22 +50
+1.769500 -50.641300 -2149.955300 +1390.537900 -61.179500 -7.988700 +90.000000 +22 +50
+1.916900 -13.343800 -2166.732800 +1292.550400 -60.241700 -6.385400 +90.000000 +22 +50
+2.064400 +12.810500 -2198.286000 +1190.186600 -59.181900 -5.715400 +90.000000 +22 +50
+2.211900 +28.407100 -2245.594100 +1108.669400 -57.987100 -5.380100 +90.000000 +22 +50
+2.359300 +32.992700 -2308.009800 +1063.898900 -56.658200 -4.909000 +90.000000 +22 +50
+2.506800 +28.904600 -2382.328300 +1058.569600 -55.191500 -4.047800 +90.000000 +22 +50
+2.654200 +20.578400 -2463.438300 +1086.561900 -53.551900 -2.788300 +90.000000 +22 +50
+2.801700 +13.379900 -2545.455900 +1136.578000 -51.660900 -1.368400 +90.000000 +22 +50
+2.949200 +12.494800 -2622.762900 +1195.558300 -49.416500 -0.082400 +90.000000 +22 +50
+3.096600 +21.893100 -2690.913900 +1251.958500 -46.739900 +0.843900 +90.000000 +22 +50
+3.244100 +44.174000 -2748.104000 +1296.667300 -43.621400 +1.257000 +90.000000 +22 +50
+3.391500 +80.591000 -2792.644600 +1323.052600 -40.128500 +1.045600 +90.000000 +22 +50
+3.539000 +130.216200 -2819.827300 +1329.740000 -36.373700 +0.358900 +90.000000 +22 +50
+3.686400 +190.720000 -2823.914400 +1319.633700 -32.466900 -0.460900 +90.000000 +22 +50
+3.833900 +259.295400 -2800.441400 +1298.575100 -28.485800 -1.085500 +90.000000 +22 +50
+3.981400 +333.565500 -2748.454700 +1274.048900 -24.472200 -1.338200 +90.000000 +22 +50
+4.128800 +412.465300 -2672.818700 +1253.953100 -20.444000 -1.355900 +90.000000 +22 +50
+4.276300 +496.472500 -2585.306700 +1243.040300 -16.408600 -1.355100 +90.000000 +22 +50
+4.423700 +584.583100 -2495.771000 +1231.789100 -12.373500 -1.271200 +90.000000 +22 +50
+4.571200 +676.873700 -2411.853800 +1215.420600 -8.355200 -0.823300 +90.000000 +22 +50
+4.718600 +775.047100 -2340.811100 +1199.082500 -4.389800 -0.399500 +90.000000 +22 +50
+4.866100 +880.726000 -2288.197500 +1192.128100 -0.544000 -0.723900 +90.000000 +22 +50
+5.013600 +993.777300 -2256.520400 +1202.270300 +3.085700 -1.950300 +90.000000 +22 +50
+5.161000 +1110.723100 -2243.917300 +1229.727800 +6.395100 -3.926900 +90.000000 +22 +50
+5.308500 +1223.345400 -2243.068000 +1261.755200 +9.314000 -5.924700 +90.000000 +22 +50
+5.455900 +1321.413500 -2245.837300 +1280.873400 +11.840400 -6.549200 +90.000000 +22 +50
+5.603400 +1399.607300 -2245.839900 +1282.695100 +14.040300 -5.369800 +90.000000 +22 +50
+5.750800 +1456.707800 -2233.436100 +1269.720100 +16.012400 -2.833400 +90.000000 +22 +50
+5.898300 +1494.454700 -2197.704600 +1248.442300 +17.842100 +0.204000 +90.000000 +22 +50
+6.045800 +1516.547500 -2128.826100 +1227.230000 +19.571300 +2.768800 +90.000000 +22 +50
+6.193200 +1527.686000 -2020.517300 +1214.299800 +21.193800 +4.044700 +90.000000 +22 +50
+6.340700 +1532.712500 -1872.797700 +1215.754000 +22.672000 +3.328300 +90.000000 +22 +50
+6.488100 +1535.785200 -1694.963500 +1233.566800 +23.964100 +0.550700 +90.000000 +22 +50
+6.635600 +1539.683700 -1507.599000 +1264.669400 +25.051500 -3.515700 +90.000000 +22 +50
+6.783100 +1546.219100 -1334.843300 +1305.510600 +25.947500 -7.782900 +90.000000 +22 +50
+6.930500 +1555.733400 -1195.980700 +1348.796500 +26.680500 -11.620200 +90.000000 +22 +50
+7.078000 +1567.239100 -1105.025200 +1383.472300 +27.253200 -14.752700 +90.000000 +22 +50
+7.225400 +1579.027100 -1070.802900 +1397.717300 +27.596400 -16.572900 +90.000000 +22 +50
+7.372900 +1589.134300 -1096.950000 +1382.161800 +27.541400 -16.621400 +90.000000 +22 +50
+7.520300 +1595.716900 -1181.976000 +1332.977900 +26.841600 -14.805600 +90.000000 +22 +50
+7.667800 +1597.533500 -1319.564000 +1254.667100 +25.256300 -11.152800 +90.000000 +22 +50
+7.815300 +1594.529200 -1499.729700 +1161.617900 +22.662600 -6.502900 +90.000000 +22 +50
+7.962700 +1587.719500 -1711.960200 +1067.534900 +19.121000 -2.142500 +90.000000 +22 +50
+8.110200 +1578.929500 -1933.329300 +981.993700 +14.845000 +0.870100 +90.000000 +22 +50
+8.257600 +1570.389000 -2131.134500 +913.359000 +10.100000 +1.338900 +90.000000 +22 +50
+8.405100 +1564.125000 -2275.531800 +866.971400 +5.108600 -1.374200 +90.000000 +22 +50
+8.552500 +1561.339500 -2351.524900 +843.358200 +0.011800 -5.643900 +90.000000 +22 +50
+8.700000 +1561.634000 -2370.323600 +836.462500 -5.117100 -10.000000 +90.000000 +22 +50
[END]


true
stable state found
Calculation time[s] 1012.256705
LimitWaterLVL[m] 0.400000
WaterLVL at time zero[m] -0.061609
Timestep[s] | HighestPointXYZ[m] | AngleToY[°] | Distance[m] | AngleX[°] | AngleY[°]
0.000000 -0.002598 0.002597 -0.063171 0.000000 -0.063171 -0.003089 0.006806
0.147500 0.043838 -0.011389 -0.006074 104.563227 0.389916 -13.931085 0.275835
0.295000 -0.061497 -0.012322 0.031174 258.670010 0.373582 -43.965784 0.883596
0.442500 0.031110 0.035053 0.001060 41.589478 0.386944 -16.012998 0.644420
0.590000 0.017359 -0.008506 0.004918 116.104295 0.391737 -7.589547 -0.299137
0.737500 -0.053120 0.003380 0.021467 273.641224 0.377613 -16.766816 0.246211
0.885000 0.057578 -0.041826 0.014100 125.995202 0.389609 19.929550 -1.288109
1.032500 0.013857 -0.063607 0.005054 167.709855 0.389818 29.908746 -0.784988
1.180000 -0.041686 -0.002771 0.028071 266.197100 0.354078 5.899251 -1.310235
1.327500 0.004697 -0.020345 0.002130 166.999912 0.388425 25.715643 -0.307936
1.475000 0.066085 -0.013781 0.027468 101.779167 0.377691 36.102058 0.800273
1.622500 -0.037317 0.023214 0.011204 301.884187 0.376877 4.699614 2.503180
1.770000 -0.044751 -0.020556 -0.003459 245.328180 0.392959 8.242653 3.327486
1.917500 0.061421 -0.020422 0.021287 108.391729 0.382711 23.984662 4.977725
2.065000 -0.050353 0.000733 0.009075 270.834350 0.384070 -1.639214 4.399027
2.212500 -0.019920 -0.024201 0.000532 219.458018 0.395410 5.282785 2.920220
2.360000 0.062355 -0.007884 0.019798 97.206088 0.383844 20.291125 4.051382
2.507500 -0.049557 0.001296 0.019128 271.498041 0.376564 -9.174242 1.412660
2.655000 0.053609 -0.042401 0.006014 128.341552 0.395437 7.759380 -0.154418
2.802500 0.059338 0.001637 0.008846 88.419741 0.392400 9.066162 -0.091084
2.950000 -0.046687 -0.029707 0.019178 237.531349 0.380744 -19.400220 -3.739886
3.097500 0.057364 -0.031983 0.002915 119.141625 0.396452 0.510802 -3.633383
3.245000 0.062383 -0.019683 0.009484 107.511457 0.389388 6.885185 -1.601617
3.392500 -0.051084 0.000365 0.023683 270.409377 0.377059 -20.678044 -5.818215
3.540000 -0.014649 -0.064540 0.007674 192.788073 0.392618 -3.871488 -8.287818
3.687500 0.064977 -0.015948 0.014811 103.790118 0.385513 12.336059 -5.884272
3.835000 -0.049588 -0.005660 0.017640 263.488410 0.381517 -13.460989 -9.469108
3.982500 -0.017958 -0.058134 0.006830 197.166285 0.391800 -0.770137 -8.815593
4.130000 0.055882 -0.035072 0.012132 122.112718 0.387986 12.713262 -0.746000
4.277500 -0.045445 -0.024118 0.017567 242.044775 0.381229 -13.912419 -0.983559
4.425000 0.014304 -0.029845 0.003020 154.392706 0.396493 0.136318 -0.373804
4.572500 0.066504 -0.008078 0.015537 96.925584 0.384775 13.315182 6.713943
4.720000 -0.047040 -0.019591 0.018070 247.389476 0.381661 -15.024566 4.715716
4.867500 0.004461 -0.012531 0.002627 160.404417 0.397213 -1.205205 2.691557
5.015000 0.044640 0.045545 0.015878 44.425375 0.385824 12.731030 9.408493
5.162500 -0.031376 -0.036294 0.020608 220.843267 0.375579 -9.816449 1.755293
5.310000 0.057102 -0.042296 0.005511 126.527704 0.389185 14.206312 -1.398494
5.457500 0.067664 0.003712 0.022339 86.859941 0.376711 27.016197 4.326965
5.605000 -0.026600 -0.043502 0.011929 211.444374 0.382060 -1.375946 -4.543600
5.752500 0.055470 -0.040572 0.009567 126.182573 0.388146 6.804002 -10.641561
5.900000 0.063643 0.006498 0.017601 84.170525 0.382365 18.669269 -4.498895
6.047500 -0.045910 -0.024020 0.016709 242.381153 0.384021 -12.808308 -12.673016
6.195000 0.033451 -0.049086 0.015568 145.726345 0.386985 -2.540000 -13.878645
6.342500 0.052865 0.031486 0.011897 59.222287 0.385765 7.785005 -2.221919
6.490000 -0.047228 0.016912 0.015429 289.702073 0.384360 -14.745010 -8.975231
6.637500 0.060434 0.035386 0.007394 59.649690 0.393703 5.347193 1.762365
6.785000 0.063368 0.036283 0.019761 60.205580 0.380735 16.689236 18.165528
6.932500 -0.011916 -0.047596 0.015638 194.055503 0.367242 -1.968858 6.326454
7.080000 0.048318 -0.007908 0.005814 99.294946 0.377640 18.649772 15.532353
7.227500 0.064900 0.035079 0.035530 61.608402 0.356801 28.530116 31.031097
7.375000 -0.009797 -0.048975 0.009226 191.312182 0.360926 7.139367 12.182535
7.522500 0.062680 -0.025539 0.000489 112.168465 0.377859 16.038389 10.619577
7.670000 0.060054 0.029099 0.032247 64.147620 0.365349 24.876015 27.636781
7.817500 -0.025832 -0.046994 0.006349 208.797032 0.385938 0.580884 3.800675
7.965000 -0.018202 -0.054590 0.001436 198.439987 0.396235 0.002974 -3.732361
8.112500 0.052538 0.031845 0.013124 58.778576 0.386278 7.163422 7.694876
8.260000 -0.016292 -0.054305 0.025114 196.699815 0.376099 -9.755991 -22.868246
8.407500 0.020702 -0.058789 0.018768 160.600759 0.379888 0.292453 -20.165314
8.555000 0.040388 -0.057073 0.006963 144.714671 0.387215 9.965382 -3.232509