[HEADER]
  GEAR_NOMINAL_VEL = 1.000000
  SAMPLING_MODE = CARTESIAN
  CRC = 4230818067
[RECORDS]
+0.000000 +0.000000 +0.000000 +0.000000 -90.000000 +0.000000 +90.000000 +22 +50
+0.200000 +0.000000 +40.000000 +0.000000 -90.000000 +0.000000 +90.000000 +22 +50
+0.400000 +0.000000 +160.000000 +0.000000 -90.000000 +0.000000 +90.000000 +22 +50
+0.600000 +0.000000 +360.000000 +0.000000 -90.000000 +0.000000 +90.000000 +22 +50
+0.800000 +0.000000 +640.000000 +0.000000 -90.000000 +0.000000 +90.000000 +22 +50
+1.000000 +0.000000 +1000.000000 +0.000000 -90.000000 +0.000000 +90.000000 +22 +50
+1.200000 +0.000000 +1440.000000 +0.000000 -90.000000 +0.000000 +90.000000 +22 +50
+1.400000 +0.000000 +1960.000000 +0.000000 -90.000000 +0.000000 +90.000000 +22 +50
+1.600000 +0.000000 +2560.000000 +0.000000 -90.000000 +0.000000 +90.000000 +22 +50
[END]


true
stable state found
Calculation time[s] 154.369398
LimitWaterLVL[m] 0.400000
WaterLVL at time zero[m] -0.061623
Timestep[s] | HighestPointXYZ[m] | AngleToY[°] | Distance[m] | AngleX[°] | AngleY[°]
0.000000 0.002589 -0.063194 0.000000 177.653506 0.400000 -0.058638 -0.008053
0.200000 0.023329 -0.061990 0.010978 159.376434 0.389022 -0.118542 -11.722608
0.400000 0.002497 -0.061509 0.011040 177.675791 0.388960 0.064502 -11.839370
0.600000 0.002619 -0.064133 0.007162 177.661457 0.392838 -0.112179 -10.344353
0.800000 0.002497 -0.061509 0.011040 177.675771 0.388960 -0.029211 -13.548304
1.000000 0.002619 -0.064133 0.007162 177.661457 0.392838 -0.119639 -9.202680
1.200000 0.018077 -0.062720 0.014724 163.922094 0.385276 0.121783 -14.190699
1.400000 0.002619 -0.064130 0.007163 177.661152 0.392838 -0.286137 -8.948503
1.600000 0.002619 -0.064130 0.007163 177.661152 0.392838 0.198337 -8.327409