[HEADER]
  GEAR_NOMINAL_VEL = 1.000000
  SAMPLING_MODE = CARTESIAN
  CRC = 4230818067
[RECORDS]
+0.000000 +0.000000 +0.000000 +0.000000 -90.000000 +0.000000 +90.000000 +22 +50
+0.200000 -56.000000 +0.000000 +0.000000 -90.000000 +0.000000 +115.000000 +22 +50
+0.400000 -224.000000 +0.000000 +0.000000 -90.000000 +0.000000 +115.000000 +22 +50
+0.600000 -504.000000 +0.000000 +0.000000 -90.000000 +0.000000 +115.000000 +22 +50
+0.800000 -896.000000 +0.000000 +0.000000 -90.000000 +0.000000 +115.000000 +22 +50
+1.000000 -1400.000000 +0.000000 +0.000000 -90.000000 +0.000000 +115.000000 +22 +50
+1.200000 -2016.000000 +0.000000 +0.000000 -90.000000 +0.000000 +115.000000 +22 +50
+1.400000 -2744.000000 +0.000000 +0.000000 -90.000000 +0.000000 +115.000000 +22 +50
+1.600000 -3584.000000 +0.000000 +0.000000 -90.000000 +0.000000 +115.000000 +22 +50
+1.800000 -4536.000000 +0.000000 +0.000000 -90.000000 +0.000000 +115.000000 +22 +50
+2.000000 -5600.000000 +0.000000 +0.000000 -90.000000 +0.000000 +115.000000 +22 +50
+2.200000 -6776.000000 +0.000000 +0.000000 -90.000000 +0.000000 +115.000000 +22 +50
+2.400000 -8064.000000 +0.000000 +0.000000 -90.000000 +0.000000 +115.000000 +22 +50
+2.600000 -9464.000000 +0.000000 +0.000000 -90.000000 +0.000000 +115.000000 +22 +50
+2.800000 -10976.000000 +0.000000 +0.000000 -90.000000 +0.000000 +115.000000 +22 +50
+3.000000 -12600.000000 +0.000000 +0.000000 -90.000000 +0.000000 +115.000000 +22 +50
+3.200000 -14336.000000 +0.000000 +0.000000 -90.000000 +0.000000 +115.000000 +22 +50
[END]


true
stable state found
Calculation time[s] 327.879897
LimitWaterLVL[m] 0.400000
WaterLVL at time zero[m] -0.061623
Timestep[s] | HighestPointXYZ[m] | AngleToY[°] | Distance[m] | AngleX[°] | AngleY[°]
0.000000 0.002589 -0.063194 0.000000 177.653506 0.400000 -0.058638 -0.008053
0.200000 0.040190 0.015617 0.019203 68.765175 0.338520 17.345451 25.408516
0.400000 0.036354 0.016064 0.015389 66.160331 0.341787 17.672701 17.812045
0.600000 0.005890 0.031918 0.020136 10.455636 0.330784 13.773566 34.362833
0.800000 0.054069 -0.027977 0.027606 117.358800 0.349327 20.744890 11.870524
1.000000 0.020790 0.028369 0.022238 36.236015 0.330379 11.769101 38.748390
1.200000 0.050200 -0.002874 0.019989 93.276493 0.345621 21.487032 10.108939
1.400000 0.020790 0.028368 0.022238 36.236497 0.330380 10.689690 38.980974
1.600000 0.047320 0.005546 0.019875 83.315243 0.342167 22.139464 12.244277
1.800000 0.020680 0.026506 0.018903 37.961590 0.334189 10.673946 35.492334
2.000000 0.036350 0.016064 0.015389 66.158264 0.341787 20.683866 16.759646
2.200000 0.030950 0.021385 0.017125 55.356843 0.337965 13.183064 30.606061
2.400000 0.037880 0.016822 0.014320 66.054256 0.342435 18.080087 22.602633
2.600000 0.030880 0.019676 0.013713 57.495288 0.341779 16.702417 24.270498
2.800000 0.028300 0.024096 0.015093 49.587073 0.338660 14.286395 28.267805
3.000000 0.030900 0.019680 0.013718 57.507612 0.341773 20.452188 18.965960