[HEADER]
  GEAR_NOMINAL_VEL = 1.000000
  SAMPLING_MODE = CARTESIAN
  CRC = 4230818067
[RECORDS]
+0.000000 +0.000000 +0.000000 +0.000000 -90.000000 -0.000000 +90.000000 +22 +50
+0.200000 -84.000000 +0.000000 +0.000000 -90.000000 -10.000000 +90.000000 +22 +50
+0.400000 -336.000000 +0.000000 +0.000000 -90.000000 -15.000000 +90.000000 +22 +50
+0.600000 -756.000000 +0.000000 +0.000000 -90.000000 -20.000000 +90.000000 +22 +50
+0.800000 -1344.000000 +0.000000 +0.000000 -90.000000 -25.000000 +90.000000 +22 +50
+1.000000 -2100.000000 +0.000000 +0.000000 -90.000000 -25.000000 +90.000000 +22 +50
+1.200000 -3024.000000 +0.000000 +0.000000 -90.000000 -25.000000 +90.000000 +22 +50
+1.400000 -4116.000000 +0.000000 +0.000000 -90.000000 -25.000000 +90.000000 +22 +50
+1.600000 -5376.000000 +0.000000 +0.000000 -90.000000 -25.000000 +90.000000 +22 +50
+1.800000 -6804.000000 +0.000000 +0.000000 -90.000000 -25.000000 +90.000000 +22 +50
+2.000000 -8400.000000 +0.000000 +0.000000 -90.000000 -25.000000 +90.000000 +22 +50
+2.200000 -10164.000000 +0.000000 +0.000000 -90.000000 -25.000000 +90.000000 +22 +50
+2.400000 -12096.000000 +0.000000 +0.000000 -90.000000 -25.000000 +90.000000 +22 +50
+2.600000 -14196.000000 +0.000000 +0.000000 -90.000000 -25.000000 +90.000000 +22 +50
+2.800000 -16464.000000 +0.000000 +0.000000 -90.000000 -25.000000 +90.000000 +22 +50
+3.000000 -18900.000000 +0.000000 +0.000000 -90.000000 -25.000000 +90.000000 +22 +50
+3.200000 -21504.000000 +0.000000 +0.000000 -90.000000 -25.000000 +90.000000 +22 +50
[END]
