[HEADER]
  GEAR_NOMINAL_VEL = 1.000000
  CRC = 4230818067
[RECORDS]
  +0.000000 +141.321500 -42.690500 +85.030700 -106.455000 +0.000000 +0.000000
  +0.280900 +139.544300 -47.122300 +88.905700 -107.597800 -0.055600 +0.034200
  +0.561800 +130.616400 -62.464400 +104.275300 -114.504300 -1.836500 +0.930000
  +0.842600 +114.335500 -71.936200 +123.398100 -133.266600 -35.425000 -46.370400
  +1.123500 +99.668800 -64.158400 +133.641200 -153.883100 +2.452200 +51.007300
  +1.404400 +92.885900 -53.012100 +124.151500 -161.127800 +0.187900 +59.928100
  +1.685300 +94.795000 -50.689700 +106.047800 -155.943500 +0.006000 -0.429300
  +1.966200 +96.887800 -49.836400 +97.852200 -149.383700 +0.001500 -0.007600
  +2.247100 +89.838000 -50.418600 +104.472200 -155.515900 -0.037300 +0.001300
  +2.527900 +71.350600 -52.399000 +110.040400 -172.285900 -1.489800 +0.024200
  +2.808800 +55.897100 -53.424100 +105.489300 -185.215100 +43.794400 -4.184600
  +3.089700 +52.777500 -52.964300 +103.659400 -185.047200 +57.179100 -3.346300
  +3.370600 +57.472300 -52.076900 +105.018500 -154.521000 -9.128300 -1.128400
  +3.651500 +64.406400 -54.064400 +113.771400 -131.209500 -0.783200 -0.096800
  +3.932300 +67.257800 -60.322200 +127.528000 -121.211600 -0.053600 -0.006600
  +4.213200 +65.574500 -63.002300 +131.755400 -118.053900 -0.003100 -0.000400
  +4.494100 +65.273100 -55.131200 +119.639600 -114.545300 -0.000100 +0.000000
  +4.775000 +69.356000 -39.647300 +95.212600 -107.733300 +0.000000 +0.000000
  +5.055900 +73.335500 -25.593000 +71.023200 -102.098700 +0.000000 +0.000000
  +5.336700 +74.272300 -21.985100 +64.489100 -100.767500 +0.000000 +0.000000
[END]
