[HEADER]
  GEAR_NOMINAL_VEL = 1.000000
  SAMPLING_MODE = CARTESIAN
  CRC = 4230818067
[RECORDS]
+0.000000 +0.000000 +0.000000 +0.000000 -90.000000 +0.000000 +90.000000 +22 +50
+0.200000 +0.000000 -48.000000 +0.000000 -90.000000 +25.000000 +90.000000 +22 +50
+0.400000 +0.000000 -192.000000 +0.000000 -90.000000 +25.000000 +90.000000 +22 +50
+0.600000 +0.000000 -432.000000 +0.000000 -90.000000 +25.000000 +90.000000 +22 +50
+0.800000 +0.000000 -768.000000 +0.000000 -90.000000 +25.000000 +90.000000 +22 +50
+1.000000 +0.000000 -1200.000000 +0.000000 -90.000000 +25.000000 +90.000000 +22 +50
+1.200000 +0.000000 -1728.000000 +0.000000 -90.000000 +25.000000 +90.000000 +22 +50
+1.400000 +0.000000 -2352.000000 +0.000000 -90.000000 +25.000000 +90.000000 +22 +50
+1.600000 +0.000000 -3072.000000 +0.000000 -90.000000 +25.000000 +90.000000 +22 +50
[END]


true
stable state found
Calculation time[s] 167.083322
LimitWaterLVL[m] 0.400000
WaterLVL at time zero[m] -0.061623
Timestep[s] | HighestPointXYZ[m] | AngleToY[°] | Distance[m] | AngleX[°] | AngleY[°]
0.000000 0.002589 -0.063194 0.000000 177.653506 0.400000 -0.058638 -0.008053
0.200000 0.018109 0.034098 0.014435 27.971451 0.341787 -25.301392 15.114118
0.400000 0.029038 0.014990 0.005109 62.696065 0.345621 -31.886946 14.824541
0.600000 0.032950 0.014263 0.015175 66.593822 0.334844 -17.442932 12.459501
0.800000 0.026651 0.019364 0.002031 53.999121 0.349419 -36.920714 17.008787
1.000000 0.033287 0.010270 0.019987 72.853302 0.330341 -13.193048 10.384861
1.200000 0.025390 0.023240 0.002519 47.531253 0.349510 -39.600309 19.315079
1.400000 0.035309 0.005890 0.018144 80.529521 0.331157 -11.812191 8.131928
1.600000 0.025017 0.019380 -0.001452 52.235682 0.353266 -40.036751 11.882209