[HEADER]
  GEAR_NOMINAL_VEL = 1.000000
  SAMPLING_MODE = CARTESIAN
  CRC = 4230818067
[RECORDS]
+0.000000 +0.000000 +0.000000 +0.000000 -90.000000 +0.000000 -90.000000 +22 +50
+0.200000 +0.000000 -80.000000 +0.000000 -90.000000 +0.000000 -100.000000 +22 +50
+0.400000 +0.000000 -320.000000 +0.000000 -90.000000 +0.000000 -105.000000 +22 +50
+0.600000 +0.000000 -720.000000 +0.000000 -90.000000 +0.000000 -110.000000 +22 +50
+0.800000 +0.000000 -1280.000000 +0.000000 -90.000000 +0.000000 -115.000000 +22 +50
+1.000000 +0.000000 -2000.000000 +0.000000 -90.000000 +0.000000 -115.000000 +22 +50
+1.200000 +0.000000 -2880.000000 +0.000000 -90.000000 +0.000000 -115.000000 +22 +50
+1.400000 +0.000000 -3920.000000 +0.000000 -90.000000 +0.000000 -115.000000 +22 +50
+1.600000 +0.000000 -5120.000000 +0.000000 -90.000000 +0.000000 -115.000000 +22 +50
+1.800000 +0.000000 -6480.000000 +0.000000 -90.000000 +0.000000 -115.000000 +22 +50
+2.000000 +0.000000 -8000.000000 +0.000000 -90.000000 +0.000000 -115.000000 +22 +50
+2.200000 +0.000000 -9680.000000 +0.000000 -90.000000 +0.000000 -115.000000 +22 +50
+2.400000 +0.000000 -11520.000000 +0.000000 -90.000000 +0.000000 -115.000000 +22 +50
+2.600000 +0.000000 -13520.000000 +0.000000 -90.000000 +0.000000 -115.000000 +22 +50
+2.800000 +0.000000 -15680.000000 +0.000000 -90.000000 +0.000000 -115.000000 +22 +50
+3.000000 +0.000000 -18000.000000 +0.000000 -90.000000 +0.000000 -115.000000 +22 +50
+3.200000 +0.000000 -20480.000000 +0.000000 -90.000000 +0.000000 -115.000000 +22 +50
[END]
