[HEADER]
  GEAR_NOMINAL_VEL = 1.000000
  SAMPLING_MODE = CARTESIAN
  CRC = 4230818067
[RECORDS]
+0.000000 +0.000000 +0.000000 +0.000000 -90.000000 +0.000000 +90.000000 +22 +50
+0.200000 +0.000000 +68.000000 +0.000000 -90.000000 -10.000000 +90.000000 +22 +50
+0.400000 +0.000000 +272.000000 +0.000000 -90.000000 -15.000000 +90.000000 +22 +50
+0.600000 +0.000000 +612.000000 +0.000000 -90.000000 -20.000000 +90.000000 +22 +50
+0.800000 +0.000000 +1088.000000 +0.000000 -90.000000 -25.000000 +90.000000 +22 +50
+1.000000 +0.000000 +1700.000000 +0.000000 -90.000000 -25.000000 +90.000000 +22 +50
+1.200000 +0.000000 +2448.000000 +0.000000 -90.000000 -25.000000 +90.000000 +22 +50
+1.400000 +0.000000 +3332.000000 +0.000000 -90.000000 -25.000000 +90.000000 +22 +50
+1.600000 +0.000000 +4352.000000 +0.000000 -90.000000 -25.000000 +90.000000 +22 +50
+1.800000 +0.000000 +5508.000000 +0.000000 -90.000000 -25.000000 +90.000000 +22 +50
+2.000000 +0.000000 +6800.000000 +0.000000 -90.000000 -25.000000 +90.000000 +22 +50
+2.200000 +0.000000 +8228.000000 +0.000000 -90.000000 -25.000000 +90.000000 +22 +50
+2.400000 +0.000000 +9792.000000 +0.000000 -90.000000 -25.000000 +90.000000 +22 +50
+2.600000 +0.000000 +11492.000000 +0.000000 -90.000000 -25.000000 +90.000000 +22 +50
+2.800000 +0.000000 +13328.000000 +0.000000 -90.000000 -25.000000 +90.000000 +22 +50
+3.000000 +0.000000 +15300.000000 +0.000000 -90.000000 -25.000000 +90.000000 +22 +50
+3.200000 +0.000000 +17408.000000 +0.000000 -90.000000 -25.000000 +90.000000 +22 +50
[END]


true
stable state found
Calculation time[s] 325.001972
LimitWaterLVL[m] 0.400000
WaterLVL at time zero[m] -0.061623
Timestep[s] | HighestPointXYZ[m] | AngleToY[°] | Distance[m] | AngleX[°] | AngleY[°]
0.000000 0.002589 -0.063194 0.000000 177.653506 0.400000 -0.058638 -0.008053
0.200000 -0.027597 -0.051750 0.016612 208.069786 0.372771 9.664790 -21.116585
0.400000 -0.014663 -0.053849 0.017756 195.232545 0.365425 16.630579 -17.654871
0.600000 -0.018633 -0.047219 0.017739 201.534909 0.352835 18.883050 -18.969715
0.800000 -0.014738 -0.047220 0.016282 197.333296 0.341538 27.677064 -19.068040
1.000000 -0.016225 -0.046950 0.019704 199.064147 0.337809 23.927247 -17.050183
1.200000 -0.014738 -0.047220 0.016282 197.333296 0.341538 28.186522 -20.231309
1.400000 -0.019412 -0.044820 0.017884 203.417391 0.338111 23.437287 -15.861352
1.600000 -0.016225 -0.046950 0.019704 199.064147 0.337809 27.930954 -21.446415
1.800000 -0.021165 -0.040650 0.017378 207.504490 0.337828 23.367423 -14.448386
2.000000 -0.018261 -0.042810 0.018869 203.100665 0.337705 28.542007 -23.011543
2.200000 -0.024825 -0.039150 0.014786 212.378560 0.338631 23.029241 -12.969610
2.400000 -0.018261 -0.042810 0.018869 203.100665 0.337705 28.780510 -24.042369
2.600000 -0.024823 -0.039200 0.014785 212.344036 0.338633 23.339210 -12.145083
2.800000 -0.018256 -0.042800 0.018867 203.099720 0.337709 28.214602 -24.688346
3.000000 -0.014735 -0.047200 0.016273 197.337435 0.341547 23.700341 -11.769939