[HEADER]
  GEAR_NOMINAL_VEL = 1.000000
  SAMPLING_MODE = CARTESIAN
  CRC = 4230818067
[RECORDS]
+0.000000 -2001.279800 -1248.365300 +1353.402900 -127.636400 -0.009400 +91.979200 +22 +50
+0.157700 -1928.924800 -1366.497200 +1386.544200 -128.390700 -0.002300 +89.881000 +22 +50
+0.315400 -1830.867800 -1494.876200 +1411.021400 -128.643700 -0.064500 +88.267700 +22 +50
+0.473100 -1710.997400 -1619.182900 +1427.947900 -128.595800 -0.133400 +87.165700 +22 +50
+0.630800 -1575.356200 -1729.431500 +1437.911400 -128.357100 -0.164200 +86.578600 +22 +50
+0.788400 -1428.830600 -1824.345200 +1439.453300 -127.856400 -0.128600 +86.525500 +22 +50
+0.946100 -1279.966600 -1903.153300 +1432.347900 -127.108500 -0.004500 +86.960400 +22 +50
+1.103800 -1128.069300 -1973.808100 +1418.060400 -125.880500 +0.197000 +87.765000 +22 +50
+1.261500 -1003.527300 -2028.625600 +1400.139400 -124.857300 +0.404800 +88.730500 +22 +50
+1.419200 -788.808500 -2130.179900 +1382.393800 -120.669400 +0.492600 +89.638900 +22 +50
+1.576900 -639.814500 -2214.916200 +1370.921500 -117.644500 +0.294400 +90.169900 +22 +50
+1.734600 -592.406000 -2292.728300 +1367.484100 -116.457400 -0.253100 +90.201000 +22 +50
+1.892300 -433.736300 -2417.223900 +1367.543100 -111.829600 -1.026900 +89.899500 +22 +50
+2.049900 -299.260800 -2542.983900 +1368.931600 -107.333800 -1.838800 +89.347300 +22 +50
+2.207600 -161.258000 -2668.812900 +1368.442600 -102.414700 -2.486500 +88.708100 +22 +50
+2.365300 -27.692700 -2786.743700 +1363.684600 -97.365800 -2.808400 +88.154500 +22 +50
+2.523000 +101.603500 -2890.308700 +1353.026000 -92.300700 -2.706500 +87.883100 +22 +50
+2.680700 +225.231700 -2973.458300 +1336.185500 -87.364100 -2.161800 +88.090400 +22 +50
+2.838400 +342.496300 -3034.013100 +1314.243100 -82.672500 -1.232100 +88.875000 +22 +50
+2.996100 +451.806100 -3083.288300 +1287.682200 -78.365700 -0.001900 +89.999300 +22 +50
[END]
