[HEADER]
  GEAR_NOMINAL_VEL = 1.000000
  SAMPLING_MODE = CARTESIAN
  CRC = 4230818067
[RECORDS]
+0.000000 -2183.603600 -1748.052600 +703.989800 -152.572600 -12.085700 +133.535100 +22 +50
+0.280900 -2083.686600 -1775.894300 +788.112700 -151.495100 -12.965800 +133.154900 +22 +50
+0.561800 -1610.136200 -1842.100700 +980.170900 -148.203600 -16.055700 +134.723600 +22 +50
+0.842600 -1003.233000 -1409.085400 +780.098100 -209.479400 -14.811600 +156.251800 +22 +50
+1.123500 -276.051500 -1708.868400 +526.448100 -111.196900 -5.919700 +158.000800 +22 +50
+1.404400 -93.372500 -1868.857700 +366.639800 -103.468200 -3.689100 +161.309300 +22 +50
+1.685300 -196.851500 -2347.126600 +557.647700 -156.792800 -31.391300 +164.520900 +22 +50
+1.966200 -306.109900 -2534.155000 +689.335500 -148.371400 -35.151400 +155.382000 +22 +50
+2.247100 +6.552800 -2393.393400 +577.296600 -150.491000 -32.256300 +163.279600 +22 +50
+2.527900 +716.015900 -2130.172100 +531.136000 -152.359000 -30.544100 +175.200700 +22 +50
+2.808800 +1464.157400 -2250.952600 +1165.526000 -191.360700 -78.828500 +221.274000 +22 +50
+3.089700 +1595.975100 -2197.459600 +1377.187800 +79.008900 -80.868700 -45.687500 +22 +50
+3.370600 +1189.355500 -1965.188600 +561.880000 -120.900100 -24.554100 +163.974200 +22 +50
+3.651500 +931.067500 -1962.650600 +526.881200 -101.927600 -18.731200 +156.413700 +22 +50
+3.932300 +713.236600 -1703.165000 +501.069000 -96.469500 -11.533300 +160.235700 +22 +50
+4.213200 +722.721800 -1591.439300 +511.696200 -91.989200 -9.810200 +161.061400 +22 +50
+4.494100 +846.769900 -1838.738200 +473.294900 -87.675800 -10.298900 +156.553200 +22 +50
+4.775000 +891.028600 -2365.024800 +377.519300 -84.131000 -9.917700 +146.854300 +22 +50
+5.055900 +844.868000 -2822.438900 +313.571200 -82.017900 -8.458400 +136.073400 +22 +50
+5.336700 +825.001000 -2929.589100 +305.383200 -81.594000 -7.916600 +133.011400 +22 +50
[END]
