0.031139
0.031139
0.031139
0.031139
0.031139
0.031139
0.031139
0.031139
0.031139
0.031139
0.031139
0.031139
0.031139
0.031139
0.031139
0.031139
0.031139
0.031139
0.031139
0.031139
0.031139
0.031139
0.031139
0.031139
0.031139
0.031139
0.031139
0.031139
0.031139
0.031139
0.031139
0.031139
0.031139
0.031139
0.031139
0.031139
0.031139
0.031139
0.031139
0.031139
0.031139
0.031139
0.031139
0.031139
0.031139
0.031139
0.031139
0.031139
0.031139
0.031139
0.031139
0.031139
0.031139
0.031139
0.031139
0.031139
0.031139
0.031139
0.031139
0.031139
0.031139
0.031139
0.031139
0.031139
0.031139
0.031139
0.031139
0.031139
0.031139
0.031139
0.031139
0.031139
0.031139
0.031139
0.031139
0.031139
0.031139
0.031139
0.031139
