[HEADER]
  GEAR_NOMINAL_VEL = 1.000000
  SAMPLING_MODE = CARTESIAN
  CRC = 4230818067
[RECORDS]
+0.000000 -1518.572600 -2138.653400 +1244.170800 -69.997600 +0.000000 +90.000000 +22 +50
+0.147500 -1509.285200 -2138.786800 +1247.564900 -69.292300 +11.170900 +90.000000 +22 +50
+0.294900 -1456.915700 -2140.531100 +1265.977000 -68.584600 +12.102500 +90.000000 +22 +50
+0.442400 -1345.766000 -2144.288900 +1304.858600 -67.876300 +10.175200 +90.000000 +22 +50
+0.589800 -1182.051100 -2149.441400 +1361.488300 -67.167000 +5.399700 +90.000000 +22 +50
+0.737300 -985.510500 -2154.756000 +1427.244800 -66.455600 -0.942700 +90.000000 +22 +50
+0.884700 -780.962800 -2158.820100 +1489.786100 -65.740700 -6.743700 +90.000000 +22 +50
+1.032200 -589.513600 -2160.517200 +1535.414100 -65.021100 -10.522700 +90.000000 +22 +50
+1.179700 -421.776700 -2159.129600 +1554.279400 -64.295100 -12.498800 +90.000000 +22 +50
+1.327100 -284.540100 -2154.317900 +1549.144800 -63.559900 -12.857600 +90.000000 +22 +50
+1.474600 -179.687700 -2148.280300 +1521.183200 -62.808300 -11.899200 +90.000000 +22 +50
+1.622000 -103.825300 -2145.214900 +1468.506700 -62.023900 -10.087700 +90.000000 +22 +50
+1.769500 -50.641300 -2149.955300 +1390.537900 -61.179500 -7.988700 +90.000000 +22 +50
+1.916900 -13.343800 -2166.732800 +1292.550400 -60.241700 -6.385400 +90.000000 +22 +50
+2.064400 +12.810500 -2198.286000 +1190.186600 -59.181900 -5.715400 +90.000000 +22 +50
+2.211900 +28.407100 -2245.594100 +1108.669400 -57.987100 -5.380100 +90.000000 +22 +50
+2.359300 +32.992700 -2308.009800 +1063.898900 -56.658200 -4.909000 +90.000000 +22 +50
+2.506800 +28.904600 -2382.328300 +1058.569600 -55.191500 -4.047800 +90.000000 +22 +50
+2.654200 +20.578400 -2463.438300 +1086.561900 -53.551900 -2.788300 +90.000000 +22 +50
+2.801700 +13.379900 -2545.455900 +1136.578000 -51.660900 -1.368400 +90.000000 +22 +50
+2.949200 +12.494800 -2622.762900 +1195.558300 -49.416500 -0.082400 +90.000000 +22 +50
+3.096600 +21.893100 -2690.913900 +1251.958500 -46.739900 +0.843900 +90.000000 +22 +50
+3.244100 +44.174000 -2748.104000 +1296.667300 -43.621400 +1.257000 +90.000000 +22 +50
+3.391500 +80.591000 -2792.644600 +1323.052600 -40.128500 +1.045600 +90.000000 +22 +50
+3.539000 +130.216200 -2819.827300 +1329.740000 -36.373700 +0.358900 +90.000000 +22 +50
+3.686400 +190.720000 -2823.914400 +1319.633700 -32.466900 -0.460900 +90.000000 +22 +50
+3.833900 +259.295400 -2800.441400 +1298.575100 -28.485800 -1.085500 +90.000000 +22 +50
+3.981400 +333.565500 -2748.454700 +1274.048900 -24.472200 -1.338200 +90.000000 +22 +50
+4.128800 +412.465300 -2672.818700 +1253.953100 -20.444000 -1.355900 +90.000000 +22 +50
+4.276300 +496.472500 -2585.306700 +1243.040300 -16.408600 -1.355100 +90.000000 +22 +50
+4.423700 +584.583100 -2495.771000 +1231.789100 -12.373500 -1.271200 +90.000000 +22 +50
+4.571200 +676.873700 -2411.853800 +1215.420600 -8.355200 -0.823300 +90.000000 +22 +50
+4.718600 +775.047100 -2340.811100 +1199.082500 -4.389800 -0.399500 +90.000000 +22 +50
+4.866100 +880.726000 -2288.197500 +1192.128100 -0.544000 -0.723900 +90.000000 +22 +50
+5.013600 +993.777300 -2256.520400 +1202.270300 +3.085700 -1.950300 +90.000000 +22 +50
+5.161000 +1110.723100 -2243.917300 +1229.727800 +6.395100 -3.926900 +90.000000 +22 +50
+5.308500 +1223.345400 -2243.068000 +1261.755200 +9.314000 -5.924700 +90.000000 +22 +50
+5.455900 +1321.413500 -2245.837300 +1280.873400 +11.840400 -6.549200 +90.000000 +22 +50
+5.603400 +1399.607300 -2245.839900 +1282.695100 +14.040300 -5.369800 +90.000000 +22 +50
+5.750800 +1456.707800 -2233.436100 +1269.720100 +16.012400 -2.833400 +90.000000 +22 +50
+5.898300 +1494.454700 -2197.704600 +1248.442300 +17.842100 +0.204000 +90.000000 +22 +50
+6.045800 +1516.547500 -2128.826100 +1227.230000 +19.571300 +2.768800 +90.000000 +22 +50
+6.193200 +1527.686000 -2020.517300 +1214.299800 +21.193800 +4.044700 +90.000000 +22 +50
+6.340700 +1532.712500 -1872.797700 +1215.754000 +22.672000 +3.328300 +90.000000 +22 +50
+6.488100 +1535.785200 -1694.963500 +1233.566800 +23.964100 +0.550700 +90.000000 +22 +50
+6.635600 +1539.683700 -1507.599000 +1264.669400 +25.051500 -3.515700 +90.000000 +22 +50
+6.783100 +1546.219100 -1334.843300 +1305.510600 +25.947500 -7.782900 +90.000000 +22 +50
+6.930500 +1555.733400 -1195.980700 +1348.796500 +26.680500 -11.620200 +90.000000 +22 +50
+7.078000 +1567.239100 -1105.025200 +1383.472300 +27.253200 -14.752700 +90.000000 +22 +50
+7.225400 +1579.027100 -1070.802900 +1397.717300 +27.596400 -16.572900 +90.000000 +22 +50
+7.372900 +1589.134300 -1096.950000 +1382.161800 +27.541400 -16.621400 +90.000000 +22 +50
+7.520300 +1595.716900 -1181.976000 +1332.977900 +26.841600 -14.805600 +90.000000 +22 +50
+7.667800 +1597.533500 -1319.564000 +1254.667100 +25.256300 -11.152800 +90.000000 +22 +50
+7.815300 +1594.529200 -1499.729700 +1161.617900 +22.662600 -6.502900 +90.000000 +22 +50
+7.962700 +1587.719500 -1711.960200 +1067.534900 +19.121000 -2.142500 +90.000000 +22 +50
+8.110200 +1578.929500 -1933.329300 +981.993700 +14.845000 +0.870100 +90.000000 +22 +50
+8.257600 +1570.389000 -2131.134500 +913.359000 +10.100000 +1.338900 +90.000000 +22 +50
+8.405100 +1564.125000 -2275.531800 +866.971400 +5.108600 -1.374200 +90.000000 +22 +50
+8.552500 +1561.339500 -2351.524900 +843.358200 +0.011800 -5.643900 +90.000000 +22 +50
+8.700000 +1561.634000 -2370.323600 +836.462500 -5.117100 -10.000000 +90.000000 +22 +50
[END]


true
stable state found
Calculation time[s] 715.522158
LimitWaterLVL[m] 0.400000
WaterLVL at time zero[m] -0.061609
Timestep[s] | HighestPointXYZ[m] | AngleToY[°] | Distance[m] | AngleX[°] | AngleY[°]
0.000000 -0.002598 0.002597 -0.063171 0.000000 -0.063171 -0.003089 0.006806
0.147500 0.043838 -0.011389 -0.006074 104.563227 0.389916 -14.353873 0.131070
0.295000 -0.058430 0.000906 0.034059 270.888836 0.370049 -44.983378 0.330695
0.442500 -0.061410 0.000270 0.028940 270.251872 0.376064 -42.227931 0.919333
0.590000 0.043468 0.021468 0.006675 63.715706 0.387394 -11.226858 0.411090
0.737500 0.007133 0.019780 0.003124 19.830294 0.396960 0.296149 -0.145117
0.885000 0.004246 -0.063979 0.003581 176.203085 0.393616 5.798491 -1.439369
1.032500 -0.031333 -0.047367 -0.003642 213.484464 0.390403 21.987661 -1.998648
1.180000 0.053764 -0.043570 0.017546 129.021279 0.384031 34.384843 -0.998977
1.327500 0.027747 -0.062286 0.008139 155.988044 0.386617 34.809467 -1.176780
1.475000 0.048805 -0.042935 0.015935 131.339109 0.384689 37.091966 -1.059765
1.622500 0.061353 -0.036557 0.020899 120.788128 0.382995 38.275945 3.121615
1.770000 0.064139 -0.003125 0.019083 92.789377 0.385963 28.656174 9.898163
1.917500 -0.046299 0.001799 0.004978 272.224555 0.387531 6.628908 8.766228
2.065000 -0.049153 0.009453 0.005374 280.885639 0.388033 0.838748 3.548272
2.212500 0.054030 0.000009 0.007629 89.990456 0.395598 13.384160 4.082064
2.360000 0.061995 0.000845 0.008692 89.219099 0.395052 12.566914 6.076298
2.507500 -0.044937 0.013275 0.003710 286.457856 0.392475 1.503841 3.541119
2.655000 -0.047431 -0.027882 0.001546 239.551140 0.395386 0.779191 0.072503
2.802500 0.018858 -0.061209 0.000728 162.876356 0.399126 2.228061 -2.046277
2.950000 -0.048057 -0.031391 0.003953 236.847290 0.395966 -3.337157 -4.195141
3.097500 -0.043416 -0.035658 0.011882 230.603392 0.388871 -12.618344 -8.398217
3.245000 -0.043777 -0.039738 0.015965 227.768814 0.385190 -17.807276 -11.835442
3.392500 -0.031054 -0.051922 0.015804 210.883198 0.385095 -17.072446 -13.538168
3.540000 -0.010519 -0.063557 0.011209 189.397549 0.389058 -8.153516 -12.320518
3.687500 -0.005333 -0.063953 0.010990 184.766830 0.388650 0.512243 -11.902948
3.835000 0.004742 -0.063538 0.015056 175.731785 0.384144 0.454974 -17.040909
3.982500 0.014042 -0.062024 0.015375 167.243496 0.383716 -2.887019 -20.036309
4.130000 0.009862 -0.065142 0.011069 171.391230 0.387801 -2.113468 -8.636726
4.277500 0.017315 0.044032 0.007229 21.466575 0.393742 -0.072852 5.135432
4.425000 -0.040166 -0.001118 0.001974 268.405613 0.397430 0.788051 2.778647
4.572500 -0.046276 -0.019341 0.002244 247.317568 0.397154 -1.012228 -0.259005
4.720000 -0.011650 0.053120 0.007259 347.630036 0.393035 -4.672322 7.659255
4.867500 0.000781 0.053358 0.015005 0.838579 0.385599 -7.042149 17.605492
5.015000 0.003250 0.055511 0.014907 3.350668 0.386710 -2.346098 15.107594
5.162500 0.042624 -0.048072 0.002210 138.437558 0.394343 5.958991 3.705186
5.310000 0.054152 -0.045735 0.005266 130.183337 0.389023 13.523328 -1.142086
5.457500 0.066444 -0.016045 0.010484 103.575970 0.386239 18.360655 1.066706
5.605000 0.057130 -0.036936 0.012045 122.883697 0.383370 21.107069 -0.324718
5.752500 0.052750 -0.039223 0.017540 126.633163 0.380240 19.376959 -10.611283
5.900000 0.043393 -0.042941 0.018595 134.700032 0.381549 11.031316 -21.154046
6.047500 0.018530 -0.053764 0.017336 160.983196 0.384808 -0.960261 -19.167378
6.195000 0.014161 -0.054067 0.013614 165.323017 0.389257 -3.417126 -13.348059
6.342500 0.016155 -0.053174 0.013905 163.100490 0.388571 -0.411730 -15.364232
6.490000 0.011102 -0.053822 0.011129 168.344921 0.389376 0.287177 -12.213558
6.637500 -0.011976 0.052470 0.010499 347.142790 0.392037 1.199696 5.011882
6.785000 0.035268 0.055312 0.015862 32.522371 0.387555 6.677978 15.576239
6.932500 0.037934 0.057527 0.022104 33.401341 0.380771 12.400205 21.705570
7.080000 0.020258 0.051872 0.034922 21.332547 0.365496 14.812823 34.160602
7.227500 0.054380 0.045909 0.033172 49.828079 0.362520 17.509430 36.440496
7.375000 0.057653 0.046687 0.029044 50.999687 0.366532 20.222607 27.799102
7.522500 0.047170 0.049683 0.028200 43.513706 0.370626 18.731018 25.896714
7.670000 0.029554 0.046321 0.026375 32.538932 0.374968 14.478434 28.432684
7.817500 0.041528 0.047985 0.021150 40.874128 0.381623 8.656188 20.327233
7.965000 0.047998 0.043979 0.010963 47.501988 0.390437 2.311554 4.845090
8.112500 -0.041442 -0.022270 0.002428 241.747414 0.397920 -2.005747 -6.756411
8.260000 -0.016602 -0.052682 0.014175 197.491490 0.386999 -1.901054 -17.774947
8.407500 0.006632 -0.056827 0.025757 173.343403 0.372860 -0.241621 -30.097580
8.555000 0.013948 -0.059236 0.023103 166.750208 0.370065 3.982599 -25.138873