[HEADER]
  GEAR_NOMINAL_VEL = 1.000000
  SAMPLING_MODE = CARTESIAN
  CRC = 4230818067
[RECORDS]
+0.000000 -1518.572600 -2138.653400 +1244.170800 -69.997600 +0.000000 +90.000000 +22 +50
+0.147500 -1509.285200 -2138.786800 +1247.564900 -69.292300 +11.170900 +90.000000 +22 +50
+0.294900 -1456.915700 -2140.531100 +1265.977000 -68.584600 +12.102500 +90.000000 +22 +50
+0.442400 -1345.766000 -2144.288900 +1304.858600 -67.876300 +10.175200 +90.000000 +22 +50
+0.589800 -1182.051100 -2149.441400 +1361.488300 -67.167000 +5.399700 +90.000000 +22 +50
+0.737300 -985.510500 -2154.756000 +1427.244800 -66.455600 -0.942700 +90.000000 +22 +50
+0.884700 -780.962800 -2158.820100 +1489.786100 -65.740700 -6.743700 +90.000000 +22 +50
+1.032200 -589.513600 -2160.517200 +1535.414100 -65.021100 -10.522700 +90.000000 +22 +50
+1.179700 -421.776700 -2159.129600 +1554.279400 -64.295100 -12.498800 +90.000000 +22 +50
+1.327100 -284.540100 -2154.317900 +1549.144800 -63.559900 -12.857600 +90.000000 +22 +50
+1.474600 -179.687700 -2148.280300 +1521.183200 -62.808300 -11.899200 +90.000000 +22 +50
+1.622000 -103.825300 -2145.214900 +1468.506700 -62.023900 -10.087700 +90.000000 +22 +50
+1.769500 -50.641300 -2149.955300 +1390.537900 -61.179500 -7.988700 +90.000000 +22 +50
+1.916900 -13.343800 -2166.732800 +1292.550400 -60.241700 -6.385400 +90.000000 +22 +50
+2.064400 +12.810500 -2198.286000 +1190.186600 -59.181900 -5.715400 +90.000000 +22 +50
+2.211900 +28.407100 -2245.594100 +1108.669400 -57.987100 -5.380100 +90.000000 +22 +50
+2.359300 +32.992700 -2308.009800 +1063.898900 -56.658200 -4.909000 +90.000000 +22 +50
+2.506800 +28.904600 -2382.328300 +1058.569600 -55.191500 -4.047800 +90.000000 +22 +50
+2.654200 +20.578400 -2463.438300 +1086.561900 -53.551900 -2.788300 +90.000000 +22 +50
+2.801700 +13.379900 -2545.455900 +1136.578000 -51.660900 -1.368400 +90.000000 +22 +50
+2.949200 +12.494800 -2622.762900 +1195.558300 -49.416500 -0.082400 +90.000000 +22 +50
+3.096600 +21.893100 -2690.913900 +1251.958500 -46.739900 +0.843900 +90.000000 +22 +50
+3.244100 +44.174000 -2748.104000 +1296.667300 -43.621400 +1.257000 +90.000000 +22 +50
+3.391500 +80.591000 -2792.644600 +1323.052600 -40.128500 +1.045600 +90.000000 +22 +50
+3.539000 +130.216200 -2819.827300 +1329.740000 -36.373700 +0.358900 +90.000000 +22 +50
+3.686400 +190.720000 -2823.914400 +1319.633700 -32.466900 -0.460900 +90.000000 +22 +50
+3.833900 +259.295400 -2800.441400 +1298.575100 -28.485800 -1.085500 +90.000000 +22 +50
+3.981400 +333.565500 -2748.454700 +1274.048900 -24.472200 -1.338200 +90.000000 +22 +50
+4.128800 +412.465300 -2672.818700 +1253.953100 -20.444000 -1.355900 +90.000000 +22 +50
+4.276300 +496.472500 -2585.306700 +1243.040300 -16.408600 -1.355100 +90.000000 +22 +50
+4.423700 +584.583100 -2495.771000 +1231.789100 -12.373500 -1.271200 +90.000000 +22 +50
+4.571200 +676.873700 -2411.853800 +1215.420600 -8.355200 -0.823300 +90.000000 +22 +50
+4.718600 +775.047100 -2340.811100 +1199.082500 -4.389800 -0.399500 +90.000000 +22 +50
+4.866100 +880.726000 -2288.197500 +1192.128100 -0.544000 -0.723900 +90.000000 +22 +50
+5.013600 +993.777300 -2256.520400 +1202.270300 +3.085700 -1.950300 +90.000000 +22 +50
+5.161000 +1110.723100 -2243.917300 +1229.727800 +6.395100 -3.926900 +90.000000 +22 +50
+5.308500 +1223.345400 -2243.068000 +1261.755200 +9.314000 -5.924700 +90.000000 +22 +50
+5.455900 +1321.413500 -2245.837300 +1280.873400 +11.840400 -6.549200 +90.000000 +22 +50
+5.603400 +1399.607300 -2245.839900 +1282.695100 +14.040300 -5.369800 +90.000000 +22 +50
+5.750800 +1456.707800 -2233.436100 +1269.720100 +16.012400 -2.833400 +90.000000 +22 +50
+5.898300 +1494.454700 -2197.704600 +1248.442300 +17.842100 +0.204000 +90.000000 +22 +50
+6.045800 +1516.547500 -2128.826100 +1227.230000 +19.571300 +2.768800 +90.000000 +22 +50
+6.193200 +1527.686000 -2020.517300 +1214.299800 +21.193800 +4.044700 +90.000000 +22 +50
+6.340700 +1532.712500 -1872.797700 +1215.754000 +22.672000 +3.328300 +90.000000 +22 +50
+6.488100 +1535.785200 -1694.963500 +1233.566800 +23.964100 +0.550700 +90.000000 +22 +50
+6.635600 +1539.683700 -1507.599000 +1264.669400 +25.051500 -3.515700 +90.000000 +22 +50
+6.783100 +1546.219100 -1334.843300 +1305.510600 +25.947500 -7.782900 +90.000000 +22 +50
+6.930500 +1555.733400 -1195.980700 +1348.796500 +26.680500 -11.620200 +90.000000 +22 +50
+7.078000 +1567.239100 -1105.025200 +1383.472300 +27.253200 -14.752700 +90.000000 +22 +50
+7.225400 +1579.027100 -1070.802900 +1397.717300 +27.596400 -16.572900 +90.000000 +22 +50
+7.372900 +1589.134300 -1096.950000 +1382.161800 +27.541400 -16.621400 +90.000000 +22 +50
+7.520300 +1595.716900 -1181.976000 +1332.977900 +26.841600 -14.805600 +90.000000 +22 +50
+7.667800 +1597.533500 -1319.564000 +1254.667100 +25.256300 -11.152800 +90.000000 +22 +50
+7.815300 +1594.529200 -1499.729700 +1161.617900 +22.662600 -6.502900 +90.000000 +22 +50
+7.962700 +1587.719500 -1711.960200 +1067.534900 +19.121000 -2.142500 +90.000000 +22 +50
+8.110200 +1578.929500 -1933.329300 +981.993700 +14.845000 +0.870100 +90.000000 +22 +50
+8.257600 +1570.389000 -2131.134500 +913.359000 +10.100000 +1.338900 +90.000000 +22 +50
+8.405100 +1564.125000 -2275.531800 +866.971400 +5.108600 -1.374200 +90.000000 +22 +50
+8.552500 +1561.339500 -2351.524900 +843.358200 +0.011800 -5.643900 +90.000000 +22 +50
+8.700000 +1561.634000 -2370.323600 +836.462500 -5.117100 -10.000000 +90.000000 +22 +50
[END]


true
stable state found
Calculation time[s] 987.863414
LimitWaterLVL[m] 0.400000
WaterLVL at time zero[m] -0.061609
Timestep[s] | HighestPointXYZ[m] | AngleToY[°] | Distance[m] | AngleX[°] | AngleY[°]
0.000000 -0.002598 0.002597 -0.063171 0.000000 -0.063171 -0.003089 0.006806
0.147500 0.043838 -0.011389 -0.006074 104.563227 0.389916 -13.863192 0.255152
0.295000 -0.057591 0.018115 0.030263 287.460901 0.373496 -44.088849 0.896499
0.442500 0.039097 0.025244 -0.000366 57.150117 0.387002 -16.743308 0.595511
0.590000 0.012714 -0.008210 0.005272 122.851508 0.391819 -7.314531 -0.323953
0.737500 -0.053120 0.003380 0.021467 273.641224 0.377613 -16.235728 0.151686
0.885000 0.054914 -0.045318 0.013531 129.531104 0.389831 19.075510 -0.940287
1.032500 0.018973 -0.063153 0.006005 163.278252 0.389821 29.824223 -0.623684
1.180000 -0.040546 -0.015415 0.016693 249.184418 0.365160 8.058159 -1.293051
1.327500 0.003057 -0.061411 0.002185 177.150219 0.386984 25.155766 -0.336979
1.475000 0.066105 -0.000480 0.026923 90.415941 0.378571 35.119409 0.907214
1.622500 -0.041787 0.016571 0.006433 291.631234 0.380637 6.097647 2.487382
1.770000 -0.039721 -0.039116 -0.002982 225.439536 0.392783 8.323796 3.376978
1.917500 0.063111 -0.026160 0.017250 112.514387 0.386800 22.747484 5.121148
2.065000 -0.049663 -0.008221 0.005310 260.600512 0.387717 -0.011084 4.280054
2.212500 -0.047450 -0.013838 -0.001741 253.741557 0.395350 4.756873 3.027471
2.360000 0.064595 -0.013651 0.016138 101.932862 0.387563 18.995698 4.312622
2.507500 -0.049607 -0.016551 0.011213 251.549114 0.384134 -6.694037 1.230973
2.655000 0.050009 -0.045825 0.002326 132.500121 0.398906 6.693488 -0.115563
2.802500 0.058268 0.005724 0.005366 84.389508 0.395886 7.996066 0.025437
2.950000 -0.046817 -0.029770 0.015356 237.548530 0.384566 -15.686834 -3.481593
3.097500 -0.008056 -0.065860 0.003746 186.973781 0.396703 -1.272328 -3.717761
3.245000 0.055913 0.009903 0.002488 79.956248 0.396221 3.642430 -1.975920
3.392500 -0.052944 -0.008034 0.016072 261.371465 0.384775 -16.843746 -5.437515
3.540000 -0.014789 -0.064626 0.010707 192.889613 0.389587 -3.886619 -8.181595
3.687500 0.066307 -0.011191 0.007762 99.579846 0.392594 8.424510 -6.471974
3.835000 0.000212 -0.065996 0.010804 179.815948 0.388300 -9.686441 -8.792896
3.982500 0.000752 -0.065602 0.007418 179.343244 0.391394 -0.561634 -8.809681
4.130000 0.048772 -0.042570 0.004472 131.115655 0.395399 9.013375 -1.713348
4.277500 -0.046845 -0.025904 0.009706 241.058610 0.389034 -9.301280 -0.036216
4.425000 -0.009236 -0.056549 -0.000784 189.276066 0.399516 0.202758 -0.358052
4.572500 0.065884 0.017120 0.008124 75.433800 0.392501 8.476483 5.434550
4.720000 -0.042380 0.018269 0.010769 293.319713 0.389216 -10.876208 5.795697
4.867500 -0.032349 0.036031 0.003176 318.082181 0.397076 -0.892888 3.177856
5.015000 0.062660 0.029068 0.009605 65.113696 0.391735 8.287875 7.440238
5.162500 -0.033606 -0.034110 0.008651 224.573564 0.387619 -5.332872 3.463172
5.310000 0.057102 -0.042296 0.005511 126.527704 0.389185 12.476889 -1.080045
5.457500 0.069114 -0.016812 0.014731 103.671688 0.381976 22.607882 1.621846
5.605000 -0.022570 -0.047485 0.004987 205.422114 0.388640 3.016196 -2.522452
5.752500 0.048700 -0.047959 0.009436 134.560772 0.387889 7.948826 -9.375689
5.900000 0.060613 -0.024805 0.014254 112.256208 0.385823 13.770458 -7.937636
6.047500 -0.047150 -0.020145 0.009230 246.864826 0.391304 -8.570241 -10.286197
6.195000 -0.009149 -0.053792 0.011370 189.652488 0.391442 -2.877836 -12.670868
6.342500 0.061625 -0.002811 0.007441 92.611714 0.392226 4.191010 -6.851612
6.490000 -0.047798 0.005397 0.008177 276.442135 0.391721 -10.081871 -4.701206
6.637500 0.044704 0.048017 0.006220 42.953644 0.395730 5.108645 1.903868
6.785000 0.062228 0.009932 0.007785 80.931702 0.389067 13.124125 12.443113
6.932500 -0.019316 -0.040796 0.002438 205.336516 0.381705 1.936994 11.266205
7.080000 0.061248 -0.017828 0.001306 106.229163 0.379078 17.730915 16.150068
7.227500 0.069770 0.029809 0.021267 66.865565 0.368798 23.871982 23.417810
7.375000 -0.018637 -0.020293 0.002492 222.564227 0.375844 9.889028 16.798307
7.522500 0.064730 -0.017912 0.000895 105.467760 0.379339 17.194294 14.633815
7.670000 0.052834 0.046345 0.022477 48.743365 0.378385 20.095493 17.587094
7.817500 -0.035462 0.004010 0.005057 276.451532 0.393042 1.070530 6.754154
7.965000 -0.014302 0.040010 0.001098 340.330030 0.400111 2.680192 2.314278
8.112500 0.044708 0.027136 0.001162 58.743894 0.398321 4.408586 -1.360912
8.260000 -0.025452 -0.051935 0.018132 206.108105 0.383062 -9.144243 -17.818780
8.407500 0.035212 -0.056137 0.015303 147.901958 0.383503 2.500303 -16.864464
8.555000 0.029498 -0.060356 0.013484 153.953690 0.380056 8.013345 -12.203521