[HEADER]
  GEAR_NOMINAL_VEL = 1.000000
  SAMPLING_MODE = CARTESIAN
  CRC = 4230818067
[RECORDS]
+0.000000 -1518.572600 -2138.653400 +1244.170800 -69.997600 +0.000000 +90.000000 +22 +50
+0.147500 -1509.285200 -2138.786800 +1247.564900 -69.292300 +11.170900 +90.000000 +22 +50
+0.294900 -1456.915700 -2140.531100 +1265.977000 -68.584600 +12.102500 +90.000000 +22 +50
+0.442400 -1345.766000 -2144.288900 +1304.858600 -67.876300 +10.175200 +90.000000 +22 +50
+0.589800 -1182.051100 -2149.441400 +1361.488300 -67.167000 +5.399700 +90.000000 +22 +50
+0.737300 -985.510500 -2154.756000 +1427.244800 -66.455600 -0.942700 +90.000000 +22 +50
+0.884700 -780.962800 -2158.820100 +1489.786100 -65.740700 -6.743700 +90.000000 +22 +50
+1.032200 -589.513600 -2160.517200 +1535.414100 -65.021100 -10.522700 +90.000000 +22 +50
+1.179700 -421.776700 -2159.129600 +1554.279400 -64.295100 -12.498800 +90.000000 +22 +50
+1.327100 -284.540100 -2154.317900 +1549.144800 -63.559900 -12.857600 +90.000000 +22 +50
+1.474600 -179.687700 -2148.280300 +1521.183200 -62.808300 -11.899200 +90.000000 +22 +50
+1.622000 -103.825300 -2145.214900 +1468.506700 -62.023900 -10.087700 +90.000000 +22 +50
+1.769500 -50.641300 -2149.955300 +1390.537900 -61.179500 -7.988700 +90.000000 +22 +50
+1.916900 -13.343800 -2166.732800 +1292.550400 -60.241700 -6.385400 +90.000000 +22 +50
+2.064400 +12.810500 -2198.286000 +1190.186600 -59.181900 -5.715400 +90.000000 +22 +50
+2.211900 +28.407100 -2245.594100 +1108.669400 -57.987100 -5.380100 +90.000000 +22 +50
+2.359300 +32.992700 -2308.009800 +1063.898900 -56.658200 -4.909000 +90.000000 +22 +50
+2.506800 +28.904600 -2382.328300 +1058.569600 -55.191500 -4.047800 +90.000000 +22 +50
+2.654200 +20.578400 -2463.438300 +1086.561900 -53.551900 -2.788300 +90.000000 +22 +50
+2.801700 +13.379900 -2545.455900 +1136.578000 -51.660900 -1.368400 +90.000000 +22 +50
+2.949200 +12.494800 -2622.762900 +1195.558300 -49.416500 -0.082400 +90.000000 +22 +50
+3.096600 +21.893100 -2690.913900 +1251.958500 -46.739900 +0.843900 +90.000000 +22 +50
+3.244100 +44.174000 -2748.104000 +1296.667300 -43.621400 +1.257000 +90.000000 +22 +50
+3.391500 +80.591000 -2792.644600 +1323.052600 -40.128500 +1.045600 +90.000000 +22 +50
+3.539000 +130.216200 -2819.827300 +1329.740000 -36.373700 +0.358900 +90.000000 +22 +50
+3.686400 +190.720000 -2823.914400 +1319.633700 -32.466900 -0.460900 +90.000000 +22 +50
+3.833900 +259.295400 -2800.441400 +1298.575100 -28.485800 -1.085500 +90.000000 +22 +50
+3.981400 +333.565500 -2748.454700 +1274.048900 -24.472200 -1.338200 +90.000000 +22 +50
+4.128800 +412.465300 -2672.818700 +1253.953100 -20.444000 -1.355900 +90.000000 +22 +50
+4.276300 +496.472500 -2585.306700 +1243.040300 -16.408600 -1.355100 +90.000000 +22 +50
+4.423700 +584.583100 -2495.771000 +1231.789100 -12.373500 -1.271200 +90.000000 +22 +50
+4.571200 +676.873700 -2411.853800 +1215.420600 -8.355200 -0.823300 +90.000000 +22 +50
+4.718600 +775.047100 -2340.811100 +1199.082500 -4.389800 -0.399500 +90.000000 +22 +50
+4.866100 +880.726000 -2288.197500 +1192.128100 -0.544000 -0.723900 +90.000000 +22 +50
+5.013600 +993.777300 -2256.520400 +1202.270300 +3.085700 -1.950300 +90.000000 +22 +50
+5.161000 +1110.723100 -2243.917300 +1229.727800 +6.395100 -3.926900 +90.000000 +22 +50
+5.308500 +1223.345400 -2243.068000 +1261.755200 +9.314000 -5.924700 +90.000000 +22 +50
+5.455900 +1321.413500 -2245.837300 +1280.873400 +11.840400 -6.549200 +90.000000 +22 +50
+5.603400 +1399.607300 -2245.839900 +1282.695100 +14.040300 -5.369800 +90.000000 +22 +50
+5.750800 +1456.707800 -2233.436100 +1269.720100 +16.012400 -2.833400 +90.000000 +22 +50
+5.898300 +1494.454700 -2197.704600 +1248.442300 +17.842100 +0.204000 +90.000000 +22 +50
+6.045800 +1516.547500 -2128.826100 +1227.230000 +19.571300 +2.768800 +90.000000 +22 +50
+6.193200 +1527.686000 -2020.517300 +1214.299800 +21.193800 +4.044700 +90.000000 +22 +50
+6.340700 +1532.712500 -1872.797700 +1215.754000 +22.672000 +3.328300 +90.000000 +22 +50
+6.488100 +1535.785200 -1694.963500 +1233.566800 +23.964100 +0.550700 +90.000000 +22 +50
+6.635600 +1539.683700 -1507.599000 +1264.669400 +25.051500 -3.515700 +90.000000 +22 +50
+6.783100 +1546.219100 -1334.843300 +1305.510600 +25.947500 -7.782900 +90.000000 +22 +50
+6.930500 +1555.733400 -1195.980700 +1348.796500 +26.680500 -11.620200 +90.000000 +22 +50
+7.078000 +1567.239100 -1105.025200 +1383.472300 +27.253200 -14.752700 +90.000000 +22 +50
+7.225400 +1579.027100 -1070.802900 +1397.717300 +27.596400 -16.572900 +90.000000 +22 +50
+7.372900 +1589.134300 -1096.950000 +1382.161800 +27.541400 -16.621400 +90.000000 +22 +50
+7.520300 +1595.716900 -1181.976000 +1332.977900 +26.841600 -14.805600 +90.000000 +22 +50
+7.667800 +1597.533500 -1319.564000 +1254.667100 +25.256300 -11.152800 +90.000000 +22 +50
+7.815300 +1594.529200 -1499.729700 +1161.617900 +22.662600 -6.502900 +90.000000 +22 +50
+7.962700 +1587.719500 -1711.960200 +1067.534900 +19.121000 -2.142500 +90.000000 +22 +50
+8.110200 +1578.929500 -1933.329300 +981.993700 +14.845000 +0.870100 +90.000000 +22 +50
+8.257600 +1570.389000 -2131.134500 +913.359000 +10.100000 +1.338900 +90.000000 +22 +50
+8.405100 +1564.125000 -2275.531800 +866.971400 +5.108600 -1.374200 +90.000000 +22 +50
+8.552500 +1561.339500 -2351.524900 +843.358200 +0.011800 -5.643900 +90.000000 +22 +50
+8.700000 +1561.634000 -2370.323600 +836.462500 -5.117100 -10.000000 +90.000000 +22 +50
[END]


true
stable state found
Calculation time[s] 1088.047843
LimitWaterLVL[m] 0.400000
WaterLVL at time zero[m] -0.061609
Timestep[s] | HighestPointXYZ[m] | AngleToY[°] | Distance[m] | AngleX[°] | AngleY[°]
0.000000 -0.002598 0.002597 -0.063171 0.000000 -0.063171 -0.003089 0.006806
0.147500 0.043838 -0.011389 -0.006074 104.563227 0.389916 -14.162645 0.344800
0.295000 -0.062071 -0.007997 0.031041 262.658999 0.373810 -43.666512 0.879140
0.442500 0.041353 0.021582 0.002741 62.440195 0.383569 -15.426373 0.465231
0.590000 0.010679 -0.008310 0.005422 127.888056 0.391862 -8.930912 -0.336479
0.737500 -0.053120 0.003380 0.021467 273.641224 0.377613 -16.703151 0.325794
0.885000 0.054454 -0.045308 0.017170 129.761558 0.386164 20.482766 -1.309790
1.032500 0.018973 -0.063153 0.006005 163.278252 0.389821 29.402243 -1.159711
1.180000 -0.041106 0.001564 0.024287 272.178937 0.357991 6.267241 -1.083415
1.327500 0.008537 -0.022577 0.003008 159.287402 0.388363 26.825039 -0.330186
1.475000 0.066085 -0.013781 0.027468 101.779167 0.377691 35.443786 0.736039
1.622500 -0.041087 0.020101 0.010269 296.068825 0.377068 3.937829 2.763706
1.770000 -0.044751 -0.020556 -0.003459 245.328180 0.392959 9.077806 3.101054
1.917500 0.061421 -0.020422 0.021287 108.391729 0.382711 23.906110 4.819987
2.065000 -0.049683 0.009229 0.012701 280.522743 0.380687 -2.532224 4.659614
2.212500 -0.009800 -0.025326 0.001384 201.154151 0.395467 6.342898 2.897940
2.360000 0.061455 0.001315 0.019443 88.774185 0.384304 20.117569 3.895356
2.507500 -0.049187 -0.002894 0.019218 266.632788 0.376424 -10.088738 1.445365
2.655000 0.056689 -0.038723 0.006360 124.336117 0.395286 8.534978 -0.609132
2.802500 0.028728 -0.058329 0.004385 153.778989 0.395716 8.573988 -0.239380
2.950000 -0.051437 -0.008147 0.022980 260.999805 0.376947 -20.326655 -3.626657
3.097500 0.059874 -0.027427 0.006762 114.611504 0.392544 1.938079 -3.997585
3.245000 0.054513 0.014128 0.006162 75.470469 0.392535 5.455386 -1.760723
3.392500 -0.052664 -0.004142 0.027217 265.502970 0.373592 -22.238021 -5.755411
3.540000 -0.039889 -0.041177 0.003939 224.089745 0.396404 -1.975045 -8.264917
3.687500 0.065867 -0.011526 0.014714 99.925634 0.385637 12.370963 -6.158908
3.835000 -0.049668 -0.005695 0.021475 263.458954 0.377681 -15.479588 -9.470720
3.982500 -0.017958 -0.058134 0.006830 197.166285 0.391800 0.609216 -8.646178
4.130000 0.052592 -0.039086 0.012040 126.619469 0.387955 13.191202 -0.875410
4.277500 -0.045005 -0.019116 0.021461 246.986505 0.377437 -15.888753 -0.920814
4.425000 0.016894 -0.035351 0.003147 154.457185 0.396293 0.724863 -0.416873
4.572500 0.064894 0.002578 0.015954 87.725046 0.384482 14.344169 6.852135
4.720000 -0.042010 -0.017366 0.021954 247.540887 0.377806 -17.322774 4.490719
4.867500 0.013971 -0.016098 0.002831 139.046209 0.397009 -0.312626 2.893298
5.015000 0.065880 0.019851 0.016982 73.230966 0.384095 14.279044 9.716043
5.162500 -0.029306 -0.040552 0.027761 215.854776 0.368193 -12.307513 1.189404
5.310000 0.054152 -0.045735 0.005266 130.183337 0.389023 14.353574 -1.471278
5.457500 0.062094 0.012950 0.033525 78.219198 0.366551 29.312648 5.128233
5.605000 -0.039780 -0.008482 0.018277 257.963487 0.378872 -3.619823 -5.419905
5.752500 0.026000 -0.057192 0.011874 155.553026 0.384920 5.949509 -11.146702
5.900000 0.048933 0.037048 0.018570 52.869799 0.381289 21.544523 -2.775497
6.047500 -0.048610 -0.000636 0.020643 269.250306 0.378963 -14.527958 -14.145132
6.195000 0.033451 -0.049086 0.015568 145.726345 0.386985 -3.411606 -14.759107
6.342500 0.040465 0.044689 0.023546 42.160214 0.373337 10.176866 0.751973
6.490000 -0.047108 0.001104 0.019241 271.342510 0.380700 -16.104218 -10.895832
6.637500 0.042674 0.053334 0.010013 38.664262 0.392281 5.262476 1.299061
6.785000 0.062468 0.010400 0.031661 80.547792 0.365470 18.975675 21.884818
6.932500 -0.009366 -0.048067 0.023963 191.026096 0.358933 -3.006455 3.828355
7.080000 0.028678 -0.012868 0.004469 114.166075 0.378320 16.978858 13.338752
7.227500 0.064890 0.029639 0.036377 65.451090 0.354452 29.680577 34.975803
7.375000 -0.008157 -0.049836 0.017691 189.295568 0.352508 8.294107 10.316802
7.522500 -0.014420 -0.047929 0.004473 196.744528 0.370673 15.246830 8.340570
7.670000 0.036964 0.045351 0.035151 39.182262 0.366040 23.565094 29.521800
7.817500 -0.015402 -0.054310 0.007486 195.833028 0.383926 2.219986 1.307278
7.965000 -0.031732 -0.043343 0.004349 216.208366 0.393736 -0.152854 -4.302431
8.112500 0.039158 0.044698 0.016287 41.220211 0.382940 5.936116 9.724795
8.260000 -0.016292 -0.054305 0.025114 196.699815 0.376099 -7.327356 -25.282276
8.407500 0.030622 -0.057897 0.018408 152.125423 0.380330 -1.063748 -19.688415
8.555000 0.030338 -0.059890 0.005678 153.134958 0.387896 9.307571 -1.876375