[HEADER]
  GEAR_NOMINAL_VEL = 1.000000
  SAMPLING_MODE = CARTESIAN
  CRC = 4230818067
[RECORDS]
+0.000000 +0.000000 +0.000000 +0.000000 -90.000000 +0.000000 +90.000000 +22 +50
+0.200000 +32.000000 +0.000000 +0.000000 -90.000000 +0.000000 +65.000000 +22 +50
+0.400000 +128.000000 +0.000000 +0.000000 -90.000000 +0.000000 +65.000000 +22 +50
+0.600000 +288.000000 +0.000000 +0.000000 -90.000000 +0.000000 +65.000000 +22 +50
+0.800000 +512.000000 +0.000000 +0.000000 -90.000000 +0.000000 +65.000000 +22 +50
+1.000000 +800.000000 +0.000000 +0.000000 -90.000000 +0.000000 +65.000000 +22 +50
+1.200000 +1152.000000 +0.000000 +0.000000 -90.000000 +0.000000 +65.000000 +22 +50
+1.400000 +1568.000000 +0.000000 +0.000000 -90.000000 +0.000000 +65.000000 +22 +50
+1.600000 +2048.000000 +0.000000 +0.000000 -90.000000 +0.000000 +65.000000 +22 +50
[END]


true
stable state found
Calculation time[s] 153.605152
LimitWaterLVL[m] 0.400000
WaterLVL at time zero[m] -0.061623
Timestep[s] | HighestPointXYZ[m] | AngleToY[°] | Distance[m] | AngleX[°] | AngleY[°]
0.000000 0.002589 -0.063194 0.000000 177.653506 0.400000 -0.058638 -0.008053
0.200000 -0.021090 -0.033974 0.003275 211.830083 0.345196 -9.400558 -25.238692
0.400000 -0.022087 -0.034832 -0.001682 212.378892 0.349327 -10.163901 -15.912564
0.600000 -0.016223 -0.036965 0.009332 203.695279 0.338443 -7.278986 -31.785613
0.800000 -0.022861 -0.036564 -0.003323 212.015242 0.350083 -12.806625 -12.333741
1.000000 0.007091 -0.038096 0.016903 169.455914 0.331104 -4.064828 -35.541893
1.200000 -0.041950 -0.022557 0.004057 241.732249 0.349313 -16.135180 -10.151190
1.400000 -0.015610 -0.035051 0.010933 204.005851 0.337801 -1.834937 -36.706217
1.600000 -0.022860 -0.036564 -0.003323 212.014115 0.350083 -10.925290 -10.472915