[HEADER]
  GEAR_NOMINAL_VEL = 1.000000
  SAMPLING_MODE = CARTESIAN
  CRC = 4230818067
[RECORDS]
+0.000000 +0.000000 +0.000000 +0.000000 -90.000000 +0.000000 +90.000000 +22 +50
+0.200000 -44.000000 +0.000000 +0.000000 -90.000000 +0.000000 +90.000000 +22 +50
+0.400000 -176.000000 +0.000000 +0.000000 -90.000000 +0.000000 +90.000000 +22 +50
+0.600000 -396.000000 +0.000000 +0.000000 -90.000000 +0.000000 +90.000000 +22 +50
+0.800000 -704.000000 +0.000000 +0.000000 -90.000000 +0.000000 +90.000000 +22 +50
+1.000000 -1100.000000 +0.000000 +0.000000 -90.000000 +0.000000 +90.000000 +22 +50
+1.200000 -1584.000000 +0.000000 +0.000000 -90.000000 +0.000000 +90.000000 +22 +50
+1.400000 -2156.000000 +0.000000 +0.000000 -90.000000 +0.000000 +90.000000 +22 +50
+1.600000 -2816.000000 +0.000000 +0.000000 -90.000000 +0.000000 +90.000000 +22 +50
[END]


true
stable state found
Calculation time[s] 150.344968
LimitWaterLVL[m] 0.400000
WaterLVL at time zero[m] -0.061623
Timestep[s] | HighestPointXYZ[m] | AngleToY[°] | Distance[m] | AngleX[°] | AngleY[°]
0.000000 0.002589 -0.063194 0.000000 177.653506 0.400000 -0.058638 -0.008053
0.200000 0.057044 -0.002943 0.011218 92.952925 0.388782 12.648339 0.033778
0.400000 0.057044 -0.002943 0.011218 92.952951 0.388782 13.113928 -0.091838
0.600000 0.050243 0.023399 0.007496 65.027447 0.392505 11.321060 0.226402
0.800000 0.055998 -0.016216 0.014812 106.150242 0.385188 15.211486 0.156768
1.000000 0.056310 -0.011756 0.010948 101.792423 0.389052 9.462766 -0.024912
1.200000 0.055020 -0.002119 0.014845 92.205547 0.385155 16.681328 0.179275
1.400000 0.056140 -0.011697 0.007179 101.769626 0.392821 8.319240 0.077706
1.600000 0.056630 -0.007396 0.007409 97.440658 0.392591 10.534653 0.044231