[HEADER]
  GEAR_NOMINAL_VEL = 1.000000
  CRC = 4230818067
[RECORDS]
+0.000000 +145.176400 -55.947880 +120.268300 -122.112200 +75.694330 +68.478990
+0.084615 +145.175700 -55.948120 +120.269000 -122.113000 +75.694300 +68.479580
+0.169231 +145.166300 -55.951240 +120.277900 -122.123200 +75.693920 +68.486830
+0.253846 +145.128600 -55.963750 +120.313600 -122.164400 +75.692400 +68.516010
+0.338462 +145.030700 -55.996090 +120.405800 -122.271400 +75.688490 +68.591530
+0.423077 +144.828300 -56.062260 +120.594800 -122.492400 +75.680580 +68.746710
+0.507692 +144.465400 -56.178660 +120.928400 -122.888500 +75.666970 +69.021800
+0.592308 +143.880400 -56.360320 +121.451800 -123.526100 +75.646480 +69.456750
+0.676923 +143.009600 -56.617600 +122.199100 -124.473500 +75.618990 +70.085370
+0.761539 +141.795700 -56.951480 +123.180800 -125.790700 +75.585810 +70.925640
+0.846154 +140.197300 -57.350370 +124.371100 -127.518700 +75.549150 +71.971500
+0.930769 +138.221000 -57.785330 +125.694700 -129.645300 +75.510750 +73.175930
+1.015385 +135.931600 -58.217220 +127.039200 -132.095000 +75.469060 +74.458410
+1.100000 +133.413800 -58.613370 +128.303200 -134.772500 +75.417400 +75.742030
+1.184615 +130.759300 -58.952230 +129.411500 -137.577200 +75.345280 +76.966200
+1.269231 +128.053300 -59.224050 +130.321300 -140.418700 +75.241430 +78.093160
+1.353846 +125.331800 -59.430400 +131.025100 -143.259900 +75.094560 +79.118860
+1.438462 +122.597500 -59.576090 +131.530500 -146.099900 +74.893150 +80.056020
+1.523077 +119.851000 -59.664620 +131.841400 -148.939800 +74.626120 +80.918720
+1.607692 +117.094300 -59.697880 +131.959600 -151.780100 +74.283140 +81.721350
+1.692308 +114.330500 -59.676350 +131.884800 -154.620100 +73.854930 +82.478690
+1.776923 +111.563500 -59.599080 +131.614800 -157.459100 +73.333300 +83.206420
+1.861538 +108.794800 -59.463640 +131.145600 -160.299100 +72.710750 +83.921580
+1.946154 +106.033400 -59.266550 +130.472300 -163.135000 +71.982620 +84.640200
+2.030769 +103.282400 -59.002700 +129.587800 -165.968900 +71.144250 +85.380530
+2.115385 +100.545100 -58.665480 +128.482300 -168.803200 +70.191860 +86.161470
+2.200000 +97.829840 -58.247500 +127.146400 -171.636300 +69.124480 +87.001090
+2.284615 +95.146740 -57.740720 +125.570200 -174.465900 +67.943130 +87.917230
+2.369231 +92.512510 -57.138850 +123.750700 -177.283900 +66.655170 +88.925010
+2.453846 +89.951020 -56.441710 +121.702200 -180.074500 +65.280100 +90.034290
+2.538462 +87.481580 -55.649800 +119.438800 -182.826800 +63.836000 +91.251550
+2.623077 +85.126480 -54.765690 +116.977500 -185.525300 +62.340910 +92.576440
+2.707692 +82.924870 -53.802730 +114.361400 -188.131600 +60.824870 +93.990580
+2.792308 +80.899040 -52.775100 +111.630700 -190.621800 +59.311150 +95.474520
+2.876923 +79.059950 -51.698690 +108.826500 -192.981300 +57.819360 +97.007430
+2.961538 +77.410740 -50.591910 +105.993100 -195.200400 +56.367820 +98.566700
+3.046154 +75.939050 -49.467800 +103.159000 -197.286500 +54.965010 +100.138900
+3.130769 +74.618930 -48.329060 +100.326200 -199.265700 +53.606500 +101.726300
+3.215385 +73.427490 -47.177380 +97.494540 -201.162000 +52.288370 +103.332800
+3.300000 +72.345450 -46.014660 +94.665240 -202.996400 +51.008390 +104.962800
+3.384615 +71.357200 -44.842530 +91.839100 -204.786000 +49.764970 +106.620400
+3.469231 +70.451240 -43.661560 +89.014730 -206.544300 +48.555560 +108.309200
+3.553846 +69.619290 -42.473660 +86.194360 -208.280400 +47.379530 +110.030400
+3.638462 +68.873100 -41.311360 +83.452380 -209.958400 +46.265490 +111.739600
+3.723077 +68.237910 -40.239450 +80.937340 -211.495700 +45.268440 +113.340700
+3.807692 +67.729710 -39.320030 +78.789560 -212.811300 +44.435500 +114.734700
+3.892308 +67.355990 -38.604960 +77.124660 -213.835100 +43.801470 +115.833300
+3.976923 +67.115510 -38.125890 +76.011760 -214.522300 +43.383320 +116.576600
+4.061538 +66.981320 -37.851730 +75.375750 -214.916100 +43.146390 +117.004800
+4.146154 +66.916250 -37.716970 +75.063340 -215.109900 +43.030560 +117.216000
+4.230769 +66.890930 -37.664210 +74.941080 -215.185800 +42.985320 +117.298800
+4.315385 +66.884450 -37.650690 +74.909740 -215.205300 +42.973740 +117.320000
+4.400000 +66.883870 -37.649460 +74.906900 -215.207000 +42.972690 +117.322000
[END]
