[HEADER]
  GEAR_NOMINAL_VEL = 1.000000
  SAMPLING_MODE = CARTESIAN
  CRC = 4230818067
[RECORDS]
+0.000000 +0.000000 +0.000000 +0.000000 -90.000000 +0.000000 +90.000000 +22 +50
+0.200000 +72.000000 +0.000000 +0.000000 -90.000000 +0.000000 +115.000000 +22 +50
+0.400000 +288.000000 +0.000000 +0.000000 -90.000000 +0.000000 +115.000000 +22 +50
+0.600000 +648.000000 +0.000000 +0.000000 -90.000000 +0.000000 +115.000000 +22 +50
+0.800000 +1152.000000 +0.000000 +0.000000 -90.000000 +0.000000 +115.000000 +22 +50
+1.000000 +1800.000000 +0.000000 +0.000000 -90.000000 +0.000000 +115.000000 +22 +50
+1.200000 +2592.000000 +0.000000 +0.000000 -90.000000 +0.000000 +115.000000 +22 +50
+1.400000 +3528.000000 +0.000000 +0.000000 -90.000000 +0.000000 +115.000000 +22 +50
+1.600000 +4608.000000 +0.000000 +0.000000 -90.000000 +0.000000 +115.000000 +22 +50
+1.800000 +5832.000000 +0.000000 +0.000000 -90.000000 +0.000000 +115.000000 +22 +50
+2.000000 +7200.000000 +0.000000 +0.000000 -90.000000 +0.000000 +115.000000 +22 +50
+2.200000 +8712.000000 +0.000000 +0.000000 -90.000000 +0.000000 +115.000000 +22 +50
+2.400000 +10368.000000 +0.000000 +0.000000 -90.000000 +0.000000 +115.000000 +22 +50
+2.600000 +12168.000000 +0.000000 +0.000000 -90.000000 +0.000000 +115.000000 +22 +50
+2.800000 +14112.000000 +0.000000 +0.000000 -90.000000 +0.000000 +115.000000 +22 +50
+3.000000 +16200.000000 +0.000000 +0.000000 -90.000000 +0.000000 +115.000000 +22 +50
+3.200000 +18432.000000 +0.000000 +0.000000 -90.000000 +0.000000 +115.000000 +22 +50
[END]


true
stable state found
Calculation time[s] 302.920591
LimitWaterLVL[m] 0.400000
WaterLVL at time zero[m] -0.061623
Timestep[s] | HighestPointXYZ[m] | AngleToY[°] | Distance[m] | AngleX[°] | AngleY[°]
0.000000 0.002589 -0.063194 0.000000 177.653506 0.400000 -0.058638 -0.008053
0.200000 -0.024268 0.025415 0.019314 316.321932 0.334278 -22.536013 26.180191
0.400000 -0.036372 0.016067 0.015388 293.832481 0.341786 -20.245539 16.564000
0.600000 -0.017263 0.030714 0.025297 330.661478 0.326616 -21.369469 36.000493
0.800000 -0.046540 -0.040649 0.037267 228.865573 0.345926 -21.187837 11.355511
1.000000 -0.034330 0.022349 0.033458 303.063741 0.322755 -19.181705 39.858788
1.200000 -0.043720 0.006765 0.015428 278.796220 0.345681 -22.335092 8.539163
1.400000 -0.034280 0.023586 0.036695 304.529741 0.319298 -17.751607 40.042114
1.600000 -0.043930 0.008324 0.018901 280.729767 0.341875 -24.141397 10.893945
1.800000 -0.042220 0.010335 0.034848 283.754906 0.326572 -18.069175 35.989222
2.000000 -0.043860 0.009730 0.022282 282.507722 0.338217 -24.980636 17.398227
2.200000 -0.036400 0.017686 0.018864 295.914658 0.337952 -16.882967 28.639447
2.400000 -0.041600 0.015128 0.027572 289.983748 0.331141 -25.883217 25.412645
2.600000 -0.040200 0.014299 0.015844 289.580675 0.342121 -15.948242 19.984177
2.800000 -0.027100 0.028560 0.030152 316.502162 0.323126 -25.725230 33.175417
3.000000 -0.042200 0.010044 0.013880 283.388105 0.345698 -16.474152 12.904597