"[HEADER]"
"  GEAR_NOMINAL_VEL = 1.000000"
"  CRC = 4230818067"
"[RECORDS]"
"  +0.000000 +142.025000 -41.047000 +80.730500 -101.702700 +76.263000 +51.098000"
"  +0.147500 +141.952400 -41.073600 +80.544100 -101.226100 +76.698600 +51.954500"
"  +0.294900 +141.164800 -42.646900 +82.711700 -101.417400 +76.755200 +53.497200"
"  +0.442400 +139.319900 -46.241100 +87.732800 -102.538400 +76.209300 +53.189200"
"  +0.589800 +136.324100 -51.466900 +94.573100 -104.583200 +74.943500 +50.443300"
"  +0.737300 +132.287000 -57.501200 +101.668800 -107.363300 +72.921500 +45.851700"
"  +0.884700 +127.542200 -63.388500 +107.815400 -110.571700 +70.278200 +41.296700"
"  +1.032200 +122.582500 -68.249200 +112.639500 -113.970100 +67.461600 +38.711900"
"  +1.179700 +117.841800 -71.560700 +116.496900 -117.553700 +65.127100 +38.627700"
"  +1.327100 +113.737500 -73.337200 +119.655500 -121.090700 +63.749200 +40.883100"
"  +1.474600 +110.507300 -73.570600 +122.329200 -124.381300 +63.661000 +45.140100"
"  +1.622000 +108.146200 -72.092100 +124.621800 -127.349800 +65.060600 +50.991200"
"  +1.769500 +106.487400 -68.722700 +126.365600 -129.885400 +67.889100 +57.764400"
"  +1.916900 +105.311600 -63.620500 +127.092300 -131.750000 +71.612800 +64.150300"
"  +2.064400 +104.459800 -57.716600 +126.243600 -132.663900 +75.073100 +68.669000"
"  +2.211900 +103.914600 -52.603100 +123.595500 -132.469400 +76.906400 +70.719000"
"  +2.359300 +103.682500 -49.170500 +119.429100 -131.249500 +76.687800 +70.379300"
"  +2.506800 +103.682100 -47.333500 +114.165000 -129.133300 +74.885600 +68.183200"
"  +2.654200 +103.793000 -46.511700 +108.107800 -126.196700 +72.288300 +64.637800"
"  +2.801700 +103.902100 -46.035300 +101.475300 -122.531700 +69.674000 +60.059600"
"  +2.949200 +103.922800 -45.386000 +94.494700 -118.328700 +67.661100 +54.732000"
"  +3.096600 +103.796500 -44.293000 +87.432300 -113.897600 +66.620800 +48.997400"
"  +3.244100 +103.470600 -42.649100 +80.510000 -109.621400 +66.637300 +43.213000"
"  +3.391500 +102.910900 -40.508400 +74.051400 -105.864800 +67.591500 +37.750500"
"  +3.539000 +102.141600 -38.211200 +68.656900 -102.847800 +69.277700 +33.163200"
"  +3.686400 +101.214400 -36.245600 +65.057800 -100.616400 +71.481800 +30.086800"
"  +3.833900 +100.176600 -35.071500 +63.846400 -99.050200 +74.016900 +28.962500"
"  +3.981400 +99.045800 -34.937400 +65.127000 -97.900000 +76.707500 +29.773400"
"  +4.128800 +97.787000 -35.767500 +68.278300 -96.882200 +79.351800 +31.796900"
"  +4.276300 +96.313600 -37.144800 +72.078300 -95.821100 +81.738200 +33.999200"
"  +4.423700 +94.597100 -38.418000 +75.709900 -94.729900 +83.820400 +36.276100"
"  +4.571200 +92.610800 -39.183500 +78.607200 -93.655300 +85.565600 +38.742000"
"  +4.718600 +90.317500 -39.364900 +80.216200 -92.666300 +86.920800 +40.523500"
"  +4.866100 +87.721100 -39.089300 +80.096800 -91.853100 +87.870200 +40.318100"
"  +5.013600 +84.906500 -38.504500 +78.011700 -91.277700 +88.451000 +37.574100"
"  +5.161000 +82.050400 -37.611200 +74.039500 -90.923300 +88.749200 +32.511500"
"  +5.308500 +79.398700 -36.249300 +68.829000 -90.693200 +88.915400 +26.661500"
"  +5.455900 +77.173900 -34.342300 +63.378900 -90.478500 +89.138200 +22.491100"
"  +5.603400 +75.437700 -32.204900 +58.566600 -90.231800 +89.532300 +20.992900"
"  +5.750800 +74.120100 -30.479700 +55.572200 -89.943800 +90.120000 +22.259200"
"  +5.898300 +73.074300 -29.914500 +55.637900 -89.602200 +90.825600 +25.930300"
"  +6.045800 +72.119000 -31.050500 +59.500600 -89.194600 +91.486100 +31.229300"
"  +6.193200 +71.065400 -33.989300 +66.935500 -88.770900 +91.895700 +37.011300"
"  +6.340700 +69.738200 -38.439500 +76.893900 -88.500500 +91.887300 +41.807500"
"  +6.488100 +68.013800 -43.877900 +87.914300 -88.624800 +91.421800 +44.604200"
"  +6.635600 +65.900400 -49.621400 +98.372100 -89.284300 +90.627600 +45.238900"
"  +6.783100 +63.555000 -55.114900 +106.949100 -90.391100 +89.692600 +44.052300"
"  +6.930500 +61.275400 -59.826800 +112.963100 -91.635600 +88.773900 +41.533600"
"  +7.078000 +59.472900 -63.076400 +116.264400 -92.622100 +88.039000 +38.480300"
"  +7.225400 +58.544800 -64.187800 +117.092700 -93.079600 +87.673800 +36.394600"
"  +7.372900 +58.711300 -62.781000 +115.807200 -92.995300 +87.747200 +36.463600"
"  +7.520300 +59.930900 -58.944900 +112.608800 -92.600900 +88.088300 +38.901700"
"  +7.667800 +61.940600 -53.229800 +107.463100 -92.275100 +88.362000 +43.113000"
"  +7.815300 +64.370700 -46.507500 +100.246100 -92.392900 +88.245800 +47.272400"
"  +7.962700 +66.882400 -39.380100 +90.888500 -93.130100 +87.513800 +49.433700"
"  +8.110200 +69.106100 -32.394000 +80.205800 -94.489500 +85.941800 +48.841000"
"  +8.257600 +70.749400 -26.397300 +70.210200 -96.363100 +83.410400 +45.518400"
"  +8.405100 +71.668300 -22.524500 +63.789400 -98.809300 +80.099400 +40.655200"
"  +8.552500 +71.840800 -21.619700 +63.226700 -102.278500 +76.533000 +37.418200"
"  +8.700000 +71.382200 -23.094800 +67.597600 -107.129400 +73.317200 +37.032800"
"[END]"
