[HEADER]
  GEAR_NOMINAL_VEL = 1.000000
  SAMPLING_MODE = CARTESIAN
  CRC = 4230818067
[RECORDS]
+0.000000 -1437.514200 -1650.752900 +1349.252300 -123.065600 +0.052200 +89.948600 +22 +50
+0.110800 -1437.514200 -1650.752900 +1349.252300 -123.065600 +0.978300 +91.499000 +22 +50
+0.221600 -1433.393500 -1651.522600 +1348.801500 -119.150600 +10.084700 +89.551800 +22 +50
+0.332400 -1404.357400 -1664.491300 +1348.139500 -117.108500 +22.849300 +90.743200 +22 +50
+0.443200 -1336.504600 -1697.633700 +1346.894700 -114.948200 +29.925500 +93.053200 +22 +50
+0.554000 -1224.043700 -1757.486500 +1345.763300 -112.792000 +29.005400 +92.700300 +22 +50
+0.664800 -1067.490700 -1847.231800 +1345.571200 -110.595100 +24.070800 +91.642500 +22 +50
+0.775600 -872.764900 -1966.362100 +1347.184600 -108.368000 +17.094600 +90.262800 +22 +50
+0.886400 -649.964200 -2110.371400 +1350.975600 -106.104700 +9.973100 +88.593200 +22 +50
+0.997200 -411.734900 -2271.132600 +1356.311100 -103.803600 +2.405800 +86.323600 +22 +50
+1.108000 -170.940900 -2436.953300 +1361.257500 -101.462500 -5.261900 +83.461200 +22 +50
+1.218800 +62.067700 -2592.392600 +1362.538000 -99.079100 -12.383900 +80.684800 +22 +50
+1.329600 +279.340700 -2723.618900 +1357.383400 -96.652900 -18.226800 +79.184200 +22 +50
+1.440400 +473.395000 -2823.854600 +1345.656000 -94.182200 -22.218200 +79.527800 +22 +50
+1.551200 +637.256700 -2892.613200 +1329.350300 -91.665700 -23.575800 +81.363600 +22 +50
+1.662000 +765.591200 -2933.884500 +1311.586000 -89.102300 -22.565400 +83.871900 +22 +50
+1.772900 +855.727800 -2954.413500 +1295.723800 -86.491100 -18.582300 +86.302600 +22 +50
+1.883700 +908.793500 -2961.932500 +1284.452200 -83.831000 -13.532400 +88.183300 +22 +50
+1.994500 +930.782500 -2963.511800 +1278.951500 -81.121100 -6.800600 +89.223300 +22 +50
+2.105300 +933.939300 -2963.811300 +1277.857800 -78.360000 +0.000000 +90.000000 +22 +50
[END]
