[HEADER]
  GEAR_NOMINAL_VEL = 1.000000
  SAMPLING_MODE = CARTESIAN
  CRC = 4230818067
[RECORDS]
+0.000000 -1518.572600 -2138.653400 +1244.170800 -69.997600 +0.000000 +90.000000 +22 +50
+0.147500 -1509.285200 -2138.786800 +1247.564900 -69.292300 +11.170900 +90.000000 +22 +50
+0.294900 -1456.915700 -2140.531100 +1265.977000 -68.584600 +12.102500 +90.000000 +22 +50
+0.442400 -1345.766000 -2144.288900 +1304.858600 -67.876300 +10.175200 +90.000000 +22 +50
+0.589800 -1182.051100 -2149.441400 +1361.488300 -67.167000 +5.399700 +90.000000 +22 +50
+0.737300 -985.510500 -2154.756000 +1427.244800 -66.455600 -0.942700 +90.000000 +22 +50
+0.884700 -780.962800 -2158.820100 +1489.786100 -65.740700 -6.743700 +90.000000 +22 +50
+1.032200 -589.513600 -2160.517200 +1535.414100 -65.021100 -10.522700 +90.000000 +22 +50
+1.179700 -421.776700 -2159.129600 +1554.279400 -64.295100 -12.498800 +90.000000 +22 +50
+1.327100 -284.540100 -2154.317900 +1549.144800 -63.559900 -12.857600 +90.000000 +22 +50
+1.474600 -179.687700 -2148.280300 +1521.183200 -62.808300 -11.899200 +90.000000 +22 +50
+1.622000 -103.825300 -2145.214900 +1468.506700 -62.023900 -10.087700 +90.000000 +22 +50
+1.769500 -50.641300 -2149.955300 +1390.537900 -61.179500 -7.988700 +90.000000 +22 +50
+1.916900 -13.343800 -2166.732800 +1292.550400 -60.241700 -6.385400 +90.000000 +22 +50
+2.064400 +12.810500 -2198.286000 +1190.186600 -59.181900 -5.715400 +90.000000 +22 +50
+2.211900 +28.407100 -2245.594100 +1108.669400 -57.987100 -5.380100 +90.000000 +22 +50
+2.359300 +32.992700 -2308.009800 +1063.898900 -56.658200 -4.909000 +90.000000 +22 +50
+2.506800 +28.904600 -2382.328300 +1058.569600 -55.191500 -4.047800 +90.000000 +22 +50
+2.654200 +20.578400 -2463.438300 +1086.561900 -53.551900 -2.788300 +90.000000 +22 +50
+2.801700 +13.379900 -2545.455900 +1136.578000 -51.660900 -1.368400 +90.000000 +22 +50
+2.949200 +12.494800 -2622.762900 +1195.558300 -49.416500 -0.082400 +90.000000 +22 +50
+3.096600 +21.893100 -2690.913900 +1251.958500 -46.739900 +0.843900 +90.000000 +22 +50
+3.244100 +44.174000 -2748.104000 +1296.667300 -43.621400 +1.257000 +90.000000 +22 +50
+3.391500 +80.591000 -2792.644600 +1323.052600 -40.128500 +1.045600 +90.000000 +22 +50
+3.539000 +130.216200 -2819.827300 +1329.740000 -36.373700 +0.358900 +90.000000 +22 +50
+3.686400 +190.720000 -2823.914400 +1319.633700 -32.466900 -0.460900 +90.000000 +22 +50
+3.833900 +259.295400 -2800.441400 +1298.575100 -28.485800 -1.085500 +90.000000 +22 +50
+3.981400 +333.565500 -2748.454700 +1274.048900 -24.472200 -1.338200 +90.000000 +22 +50
+4.128800 +412.465300 -2672.818700 +1253.953100 -20.444000 -1.355900 +90.000000 +22 +50
+4.276300 +496.472500 -2585.306700 +1243.040300 -16.408600 -1.355100 +90.000000 +22 +50
+4.423700 +584.583100 -2495.771000 +1231.789100 -12.373500 -1.271200 +90.000000 +22 +50
+4.571200 +676.873700 -2411.853800 +1215.420600 -8.355200 -0.823300 +90.000000 +22 +50
+4.718600 +775.047100 -2340.811100 +1199.082500 -4.389800 -0.399500 +90.000000 +22 +50
+4.866100 +880.726000 -2288.197500 +1192.128100 -0.544000 -0.723900 +90.000000 +22 +50
+5.013600 +993.777300 -2256.520400 +1202.270300 +3.085700 -1.950300 +90.000000 +22 +50
+5.161000 +1110.723100 -2243.917300 +1229.727800 +6.395100 -3.926900 +90.000000 +22 +50
+5.308500 +1223.345400 -2243.068000 +1261.755200 +9.314000 -5.924700 +90.000000 +22 +50
+5.455900 +1321.413500 -2245.837300 +1280.873400 +11.840400 -6.549200 +90.000000 +22 +50
+5.603400 +1399.607300 -2245.839900 +1282.695100 +14.040300 -5.369800 +90.000000 +22 +50
+5.750800 +1456.707800 -2233.436100 +1269.720100 +16.012400 -2.833400 +90.000000 +22 +50
+5.898300 +1494.454700 -2197.704600 +1248.442300 +17.842100 +0.204000 +90.000000 +22 +50
+6.045800 +1516.547500 -2128.826100 +1227.230000 +19.571300 +2.768800 +90.000000 +22 +50
+6.193200 +1527.686000 -2020.517300 +1214.299800 +21.193800 +4.044700 +90.000000 +22 +50
+6.340700 +1532.712500 -1872.797700 +1215.754000 +22.672000 +3.328300 +90.000000 +22 +50
+6.488100 +1535.785200 -1694.963500 +1233.566800 +23.964100 +0.550700 +90.000000 +22 +50
+6.635600 +1539.683700 -1507.599000 +1264.669400 +25.051500 -3.515700 +90.000000 +22 +50
+6.783100 +1546.219100 -1334.843300 +1305.510600 +25.947500 -7.782900 +90.000000 +22 +50
+6.930500 +1555.733400 -1195.980700 +1348.796500 +26.680500 -11.620200 +90.000000 +22 +50
+7.078000 +1567.239100 -1105.025200 +1383.472300 +27.253200 -14.752700 +90.000000 +22 +50
+7.225400 +1579.027100 -1070.802900 +1397.717300 +27.596400 -16.572900 +90.000000 +22 +50
+7.372900 +1589.134300 -1096.950000 +1382.161800 +27.541400 -16.621400 +90.000000 +22 +50
+7.520300 +1595.716900 -1181.976000 +1332.977900 +26.841600 -14.805600 +90.000000 +22 +50
+7.667800 +1597.533500 -1319.564000 +1254.667100 +25.256300 -11.152800 +90.000000 +22 +50
+7.815300 +1594.529200 -1499.729700 +1161.617900 +22.662600 -6.502900 +90.000000 +22 +50
+7.962700 +1587.719500 -1711.960200 +1067.534900 +19.121000 -2.142500 +90.000000 +22 +50
+8.110200 +1578.929500 -1933.329300 +981.993700 +14.845000 +0.870100 +90.000000 +22 +50
+8.257600 +1570.389000 -2131.134500 +913.359000 +10.100000 +1.338900 +90.000000 +22 +50
+8.405100 +1564.125000 -2275.531800 +866.971400 +5.108600 -1.374200 +90.000000 +22 +50
+8.552500 +1561.339500 -2351.524900 +843.358200 +0.011800 -5.643900 +90.000000 +22 +50
+8.700000 +1561.634000 -2370.323600 +836.462500 -5.117100 -10.000000 +90.000000 +22 +50
[END]


true
stable state found
Calculation time[s] 1035.493466
LimitWaterLVL[m] 0.400000
WaterLVL at time zero[m] -0.061623
Timestep[s] | HighestPointXYZ[m] | AngleToY[°] | Distance[m] | AngleX[°] | AngleY[°]
0.000000 0.002589 -0.063194 0.000000 177.653506 0.400000 -0.058638 -0.008053
0.147500 0.043827 -0.011377 -0.006055 104.552266 0.389899 -14.200437 0.242590
0.295000 -0.039076 0.041469 0.022046 316.702185 0.377530 -45.680439 1.150752
0.442500 0.046954 -0.019113 0.012937 112.149696 0.372812 -14.169123 0.295453
0.590000 0.007685 0.003767 0.001831 63.885648 0.395662 -13.479118 -0.264241
0.737500 -0.039585 -0.049580 0.014266 218.604210 0.384982 -13.347528 0.143056
0.885000 0.049066 -0.046925 0.020693 133.722033 0.382020 23.414482 -0.865545
1.032500 -0.024778 -0.055005 -0.002044 204.250008 0.389904 19.296860 -1.460721
1.180000 -0.034766 -0.014472 0.009714 247.399001 0.373239 9.211746 -0.740195
1.327500 0.054677 -0.043037 0.017974 128.206823 0.383464 35.374020 -0.317646
1.475000 0.002685 -0.010360 0.001728 165.471015 0.389996 23.607755 -0.498093
1.622500 -0.039097 0.010965 0.006774 285.666623 0.380632 4.300846 2.947789
1.770000 0.065839 -0.018100 0.019352 105.371457 0.385611 22.875715 4.128941
1.917500 -0.018349 0.041504 0.000856 336.149939 0.395438 11.437816 3.404564
2.065000 -0.044443 0.021244 0.009615 295.548478 0.384494 -3.855895 4.517951
2.212500 0.064070 -0.019425 0.016487 106.866465 0.387321 20.589054 4.306430
2.360000 -0.032315 -0.047845 0.004015 214.035492 0.390897 0.495598 1.716404
2.507500 -0.040197 0.027626 0.004219 304.499387 0.392549 2.305626 3.800916
2.655000 0.063539 -0.010469 0.010709 99.356274 0.391651 14.011249 -0.672518
2.802500 -0.036582 -0.037069 0.014142 224.621151 0.384641 -13.468352 -2.858325
2.950000 -0.052117 0.004746 0.000240 275.203251 0.399692 0.187654 -0.107552
3.097500 0.059844 -0.027858 0.006856 114.962464 0.392454 4.728499 -4.938090
3.245000 -0.051157 0.002983 0.019887 273.337178 0.380998 -19.260745 -5.822123
3.392500 -0.027824 0.035435 0.000116 321.860559 0.399935 -3.156638 -0.487073
3.540000 0.054241 -0.032799 0.010641 121.160941 0.389182 6.420307 -9.204105
3.687500 -0.000453 -0.063771 0.014982 180.406996 0.384690 -14.172424 -11.524847
3.835000 0.054192 -0.032917 0.004021 121.275097 0.396263 1.945413 -2.808612
3.982500 0.014742 -0.064288 0.014932 167.084688 0.384133 9.184787 -10.064856
4.130000 -0.047898 -0.012435 0.017475 255.446492 0.381459 -11.610422 -6.141700
4.277500 0.061505 0.021812 0.008462 70.473568 0.392707 4.195596 6.070826
4.425000 0.023904 -0.061711 0.007561 158.825926 0.391471 6.858557 -3.930465
4.572500 -0.047926 -0.020798 0.017263 246.541052 0.382108 -11.263259 2.087129
4.720000 0.004610 0.055894 0.014676 4.714943 0.385683 1.909006 12.574507
4.867500 0.040971 -0.040220 0.003597 134.470041 0.396078 2.792787 -2.448048
5.015000 -0.033940 0.033902 0.013656 314.967485 0.386888 -9.054998 7.766385
5.162500 0.068584 0.018437 0.011907 74.953421 0.389514 10.049873 8.445648
5.310000 0.046032 -0.052771 0.015538 138.901897 0.377938 13.548464 -8.576603
5.457500 -0.021756 -0.043434 0.000526 206.606194 0.391611 6.137458 3.804461
5.605000 0.044980 -0.050333 0.003670 138.214487 0.390343 16.356772 2.190498
5.752500 0.049110 -0.042801 0.021030 131.073235 0.376565 11.696719 -16.480929
5.900000 -0.019177 -0.044993 0.006923 203.084763 0.393237 -2.262261 -4.050931
6.047500 0.046440 -0.043524 0.011686 133.143655 0.389947 3.676236 -6.996298
6.195000 0.020911 -0.045245 0.016886 155.195058 0.385381 -1.109452 -19.933067
6.342500 -0.035465 0.044998 0.005581 321.756725 0.391048 -8.695046 -0.384458
6.490000 0.038172 -0.020917 0.006920 118.721291 0.393287 3.137606 -6.011085
6.637500 -0.005516 -0.042312 0.003235 187.427471 0.393464 3.172345 -1.249773
6.785000 0.016588 0.059057 0.020780 15.689053 0.383449 2.706357 18.634563
6.932500 0.048834 -0.039767 0.000853 129.156966 0.381867 15.879648 7.587967
7.080000 0.024548 -0.011338 0.003350 114.790828 0.379921 13.508753 13.565665
7.227500 0.057700 0.047599 0.029483 50.479437 0.366408 13.892316 28.618339
7.375000 0.070373 -0.031223 0.005686 113.925841 0.366342 23.071031 14.017635
7.522500 0.061610 -0.002021 0.004197 91.878806 0.380274 15.762074 11.726426
7.670000 0.013654 0.052055 0.023033 14.697556 0.379632 9.432397 22.124329
7.817500 0.055538 -0.043509 0.000424 128.075488 0.391791 11.334769 4.327076
7.965000 -0.043522 -0.020299 0.000674 244.995288 0.398263 1.719465 1.477722
8.112500 -0.015542 0.049856 0.002674 342.685769 0.396548 -3.636689 2.425632
8.260000 0.040898 -0.049424 0.020041 140.392719 0.380829 0.649371 -22.719028
8.407500 0.036952 -0.057126 0.014538 147.103158 0.384255 -1.834672 -13.194557
8.555000 0.010278 -0.053081 0.011447 169.041507 0.382110 4.393626 -12.482158