[HEADER]
  GEAR_NOMINAL_VEL = 1.000000
  SAMPLING_MODE = CARTESIAN
  CRC = 4230818067
[RECORDS]
+0.000000 -1518.572600 -2138.653400 +1244.170800 -69.997600 +0.000000 +90.000000 +22 +50
+0.147500 -1509.285200 -2138.786800 +1247.564900 -69.292300 +11.170900 +90.000000 +22 +50
+0.294900 -1456.915700 -2140.531100 +1265.977000 -68.584600 +12.102500 +90.000000 +22 +50
+0.442400 -1345.766000 -2144.288900 +1304.858600 -67.876300 +10.175200 +90.000000 +22 +50
+0.589800 -1182.051100 -2149.441400 +1361.488300 -67.167000 +5.399700 +90.000000 +22 +50
+0.737300 -985.510500 -2154.756000 +1427.244800 -66.455600 -0.942700 +90.000000 +22 +50
+0.884700 -780.962800 -2158.820100 +1489.786100 -65.740700 -6.743700 +90.000000 +22 +50
+1.032200 -589.513600 -2160.517200 +1535.414100 -65.021100 -10.522700 +90.000000 +22 +50
+1.179700 -421.776700 -2159.129600 +1554.279400 -64.295100 -12.498800 +90.000000 +22 +50
+1.327100 -284.540100 -2154.317900 +1549.144800 -63.559900 -12.857600 +90.000000 +22 +50
+1.474600 -179.687700 -2148.280300 +1521.183200 -62.808300 -11.899200 +90.000000 +22 +50
+1.622000 -103.825300 -2145.214900 +1468.506700 -62.023900 -10.087700 +90.000000 +22 +50
+1.769500 -50.641300 -2149.955300 +1390.537900 -61.179500 -7.988700 +90.000000 +22 +50
+1.916900 -13.343800 -2166.732800 +1292.550400 -60.241700 -6.385400 +90.000000 +22 +50
+2.064400 +12.810500 -2198.286000 +1190.186600 -59.181900 -5.715400 +90.000000 +22 +50
+2.211900 +28.407100 -2245.594100 +1108.669400 -57.987100 -5.380100 +90.000000 +22 +50
+2.359300 +32.992700 -2308.009800 +1063.898900 -56.658200 -4.909000 +90.000000 +22 +50
+2.506800 +28.904600 -2382.328300 +1058.569600 -55.191500 -4.047800 +90.000000 +22 +50
+2.654200 +20.578400 -2463.438300 +1086.561900 -53.551900 -2.788300 +90.000000 +22 +50
+2.801700 +13.379900 -2545.455900 +1136.578000 -51.660900 -1.368400 +90.000000 +22 +50
+2.949200 +12.494800 -2622.762900 +1195.558300 -49.416500 -0.082400 +90.000000 +22 +50
+3.096600 +21.893100 -2690.913900 +1251.958500 -46.739900 +0.843900 +90.000000 +22 +50
+3.244100 +44.174000 -2748.104000 +1296.667300 -43.621400 +1.257000 +90.000000 +22 +50
+3.391500 +80.591000 -2792.644600 +1323.052600 -40.128500 +1.045600 +90.000000 +22 +50
+3.539000 +130.216200 -2819.827300 +1329.740000 -36.373700 +0.358900 +90.000000 +22 +50
+3.686400 +190.720000 -2823.914400 +1319.633700 -32.466900 -0.460900 +90.000000 +22 +50
+3.833900 +259.295400 -2800.441400 +1298.575100 -28.485800 -1.085500 +90.000000 +22 +50
+3.981400 +333.565500 -2748.454700 +1274.048900 -24.472200 -1.338200 +90.000000 +22 +50
+4.128800 +412.465300 -2672.818700 +1253.953100 -20.444000 -1.355900 +90.000000 +22 +50
+4.276300 +496.472500 -2585.306700 +1243.040300 -16.408600 -1.355100 +90.000000 +22 +50
+4.423700 +584.583100 -2495.771000 +1231.789100 -12.373500 -1.271200 +90.000000 +22 +50
+4.571200 +676.873700 -2411.853800 +1215.420600 -8.355200 -0.823300 +90.000000 +22 +50
+4.718600 +775.047100 -2340.811100 +1199.082500 -4.389800 -0.399500 +90.000000 +22 +50
+4.866100 +880.726000 -2288.197500 +1192.128100 -0.544000 -0.723900 +90.000000 +22 +50
+5.013600 +993.777300 -2256.520400 +1202.270300 +3.085700 -1.950300 +90.000000 +22 +50
+5.161000 +1110.723100 -2243.917300 +1229.727800 +6.395100 -3.926900 +90.000000 +22 +50
+5.308500 +1223.345400 -2243.068000 +1261.755200 +9.314000 -5.924700 +90.000000 +22 +50
+5.455900 +1321.413500 -2245.837300 +1280.873400 +11.840400 -6.549200 +90.000000 +22 +50
+5.603400 +1399.607300 -2245.839900 +1282.695100 +14.040300 -5.369800 +90.000000 +22 +50
+5.750800 +1456.707800 -2233.436100 +1269.720100 +16.012400 -2.833400 +90.000000 +22 +50
+5.898300 +1494.454700 -2197.704600 +1248.442300 +17.842100 +0.204000 +90.000000 +22 +50
+6.045800 +1516.547500 -2128.826100 +1227.230000 +19.571300 +2.768800 +90.000000 +22 +50
+6.193200 +1527.686000 -2020.517300 +1214.299800 +21.193800 +4.044700 +90.000000 +22 +50
+6.340700 +1532.712500 -1872.797700 +1215.754000 +22.672000 +3.328300 +90.000000 +22 +50
+6.488100 +1535.785200 -1694.963500 +1233.566800 +23.964100 +0.550700 +90.000000 +22 +50
+6.635600 +1539.683700 -1507.599000 +1264.669400 +25.051500 -3.515700 +90.000000 +22 +50
+6.783100 +1546.219100 -1334.843300 +1305.510600 +25.947500 -7.782900 +90.000000 +22 +50
+6.930500 +1555.733400 -1195.980700 +1348.796500 +26.680500 -11.620200 +90.000000 +22 +50
+7.078000 +1567.239100 -1105.025200 +1383.472300 +27.253200 -14.752700 +90.000000 +22 +50
+7.225400 +1579.027100 -1070.802900 +1397.717300 +27.596400 -16.572900 +90.000000 +22 +50
+7.372900 +1589.134300 -1096.950000 +1382.161800 +27.541400 -16.621400 +90.000000 +22 +50
+7.520300 +1595.716900 -1181.976000 +1332.977900 +26.841600 -14.805600 +90.000000 +22 +50
+7.667800 +1597.533500 -1319.564000 +1254.667100 +25.256300 -11.152800 +90.000000 +22 +50
+7.815300 +1594.529200 -1499.729700 +1161.617900 +22.662600 -6.502900 +90.000000 +22 +50
+7.962700 +1587.719500 -1711.960200 +1067.534900 +19.121000 -2.142500 +90.000000 +22 +50
+8.110200 +1578.929500 -1933.329300 +981.993700 +14.845000 +0.870100 +90.000000 +22 +50
+8.257600 +1570.389000 -2131.134500 +913.359000 +10.100000 +1.338900 +90.000000 +22 +50
+8.405100 +1564.125000 -2275.531800 +866.971400 +5.108600 -1.374200 +90.000000 +22 +50
+8.552500 +1561.339500 -2351.524900 +843.358200 +0.011800 -5.643900 +90.000000 +22 +50
+8.700000 +1561.634000 -2370.323600 +836.462500 -5.117100 -10.000000 +90.000000 +22 +50
[END]


true
stable state found
Calculation time[s] 1028.685595
LimitWaterLVL[m] 0.400000
WaterLVL at time zero[m] -0.061623
Timestep[s] | HighestPointXYZ[m] | AngleToY[°] | Distance[m] | AngleX[°] | AngleY[°]
0.000000 0.002589 -0.063194 0.000000 177.653506 0.400000 -0.058638 -0.008053
0.147500 0.043827 -0.011377 -0.006055 104.552266 0.389899 -14.200437 0.242590
0.295000 -0.039076 0.041469 0.022046 316.702185 0.377530 -45.667607 1.159009
0.442500 0.046954 -0.019113 0.012937 112.149696 0.372812 -14.078523 0.295186
0.590000 0.001510 0.005479 0.002378 15.408890 0.395690 -13.518010 -0.259871
0.737500 -0.042059 -0.046376 0.017408 222.205050 0.381803 -13.339610 0.097989
0.885000 0.049066 -0.046925 0.020693 133.722033 0.382020 23.575821 -0.902551
1.032500 -0.021322 -0.057954 0.002213 200.199231 0.386300 19.252008 -1.521629
1.180000 -0.032046 -0.013648 0.010312 246.930832 0.373258 8.916096 -0.721306
1.327500 0.067557 -0.024880 0.024937 110.217749 0.379977 35.711520 -0.406792
1.475000 0.006645 -0.009856 0.002474 146.012082 0.390089 23.915736 -0.472471
1.622500 -0.035857 0.010589 0.007336 286.452132 0.380631 3.778884 3.001204
1.770000 0.063679 -0.002817 0.022644 92.533061 0.382380 22.827622 4.007618
1.917500 -0.018349 0.041504 0.000856 336.149939 0.395438 11.888044 3.222572
2.065000 -0.043603 0.012307 0.009739 285.761298 0.384286 -4.481207 4.751866
2.212500 0.060930 0.008774 0.016471 81.805663 0.387599 20.934207 4.215882
2.360000 -0.044265 0.022395 0.003371 296.836226 0.391931 0.696929 1.706434
2.507500 -0.045727 0.021087 0.004179 294.756783 0.392094 1.248956 3.717290
2.655000 0.054819 0.017617 0.013707 72.184325 0.388636 14.450728 -0.989795
2.802500 -0.034722 -0.040239 0.014193 220.790719 0.384608 -13.611870 -2.710690
2.950000 -0.001697 -0.004246 0.002814 201.785122 0.397181 -0.348382 0.348375
3.097500 0.061064 -0.003092 0.006871 92.898719 0.392278 5.538353 -5.232227
3.245000 -0.051487 0.007174 0.020102 277.932302 0.380749 -19.428313 -5.705628
3.392500 -0.053194 -0.003609 0.001071 266.118659 0.399737 -3.769450 -0.390804
3.540000 0.059101 -0.024155 0.010626 112.230185 0.389142 7.126980 -9.609430
3.687500 -0.013223 -0.058535 0.018267 192.729403 0.381349 -14.098368 -11.595808
3.835000 -0.034658 -0.029216 0.002455 229.869782 0.396616 1.053715 -2.655686
3.982500 0.015072 -0.063343 0.018207 166.615777 0.380880 10.105259 -10.622631
4.130000 -0.049418 -0.008841 0.017294 259.856951 0.381681 -11.231409 -6.197184
4.277500 0.061505 0.021812 0.008462 70.473568 0.392707 2.713823 6.684461
4.425000 0.019584 -0.062850 0.007511 162.693016 0.391448 7.627023 -3.875108
4.572500 -0.047926 -0.020798 0.017263 246.541052 0.382108 -10.957801 1.913368
4.720000 0.003980 0.053518 0.014940 4.253115 0.385402 0.750697 13.094309
4.867500 0.047741 -0.046619 0.003861 134.318749 0.395768 3.516353 -3.027546
5.015000 -0.045450 0.000394 0.009487 270.496677 0.389850 -8.966370 7.657058
5.162500 0.066984 0.023231 0.011841 70.872882 0.389873 9.307139 9.263379
5.310000 0.046032 -0.052771 0.015538 138.901897 0.377938 14.003181 -9.590590
5.457500 -0.019886 -0.041945 0.000552 205.365491 0.391784 6.791222 3.833515
5.605000 0.044980 -0.050333 0.003670 138.214487 0.390343 15.625083 2.755074
5.752500 0.049030 -0.041717 0.024056 130.392679 0.373596 12.156622 -17.549928
5.900000 -0.031677 -0.042778 0.003425 216.519854 0.396729 -1.063278 -3.792640
6.047500 0.042440 -0.035560 0.008638 129.959502 0.392608 2.729903 -6.222339
6.195000 0.007901 -0.044912 0.017793 170.022408 0.384433 -0.774810 -21.121683
6.342500 -0.024935 0.052616 0.005108 334.643480 0.391107 -7.635055 0.373223
6.490000 0.037042 -0.024168 0.006945 123.122381 0.393293 2.190552 -5.727980
6.637500 -0.026056 -0.042971 0.006218 211.231049 0.390556 3.147787 -2.207615
6.785000 0.020928 0.058545 0.021504 19.670375 0.382601 3.335290 19.307490
6.932500 0.064424 -0.011552 0.003557 100.165790 0.384498 14.896914 7.871159
7.080000 0.023058 -0.015608 0.003101 124.094139 0.379131 13.927178 12.409927
7.227500 0.057700 0.047599 0.029483 50.479437 0.366408 14.422025 29.156525
7.375000 0.047243 -0.043060 -0.001837 132.347851 0.371063 22.087911 14.500930
7.522500 0.068980 -0.010455 0.001958 98.618478 0.380074 15.656784 10.894506
7.670000 0.032424 0.052018 0.023149 31.936224 0.379179 10.218369 22.253885
7.817500 0.055538 -0.043509 0.000424 128.075488 0.391791 10.634932 4.929858
7.965000 -0.028142 -0.045287 0.000463 211.857419 0.397549 1.331640 1.030311
8.112500 -0.015542 0.049856 0.002674 342.685769 0.396548 -2.614563 2.818654
8.260000 0.035708 -0.051852 0.017214 145.446462 0.383732 -0.113348 -22.019197
8.407500 0.040502 -0.054914 0.014912 143.589249 0.383954 -1.644466 -14.010451
8.555000 0.005578 -0.050265 0.010971 173.667690 0.382685 4.918366 -11.944728