[HEADER]
  GEAR_NOMINAL_VEL = 1.000000
  SAMPLING_MODE = CARTESIAN
  CRC = 4230818067
[RECORDS]
+0.000000 -1518.572600 -2138.653400 +1244.170800 -69.997600 +0.000000 +90.000000 +22 +50
+0.147500 -1509.285200 -2138.786800 +1247.564900 -69.292300 +11.170900 +90.000000 +22 +50
+0.294900 -1456.915700 -2140.531100 +1265.977000 -68.584600 +12.102500 +90.000000 +22 +50
+0.442400 -1345.766000 -2144.288900 +1304.858600 -67.876300 +10.175200 +90.000000 +22 +50
+0.589800 -1182.051100 -2149.441400 +1361.488300 -67.167000 +5.399700 +90.000000 +22 +50
+0.737300 -985.510500 -2154.756000 +1427.244800 -66.455600 -0.942700 +90.000000 +22 +50
+0.884700 -780.962800 -2158.820100 +1489.786100 -65.740700 -6.743700 +90.000000 +22 +50
+1.032200 -589.513600 -2160.517200 +1535.414100 -65.021100 -10.522700 +90.000000 +22 +50
+1.179700 -421.776700 -2159.129600 +1554.279400 -64.295100 -12.498800 +90.000000 +22 +50
+1.327100 -284.540100 -2154.317900 +1549.144800 -63.559900 -12.857600 +90.000000 +22 +50
+1.474600 -179.687700 -2148.280300 +1521.183200 -62.808300 -11.899200 +90.000000 +22 +50
+1.622000 -103.825300 -2145.214900 +1468.506700 -62.023900 -10.087700 +90.000000 +22 +50
+1.769500 -50.641300 -2149.955300 +1390.537900 -61.179500 -7.988700 +90.000000 +22 +50
+1.916900 -13.343800 -2166.732800 +1292.550400 -60.241700 -6.385400 +90.000000 +22 +50
+2.064400 +12.810500 -2198.286000 +1190.186600 -59.181900 -5.715400 +90.000000 +22 +50
+2.211900 +28.407100 -2245.594100 +1108.669400 -57.987100 -5.380100 +90.000000 +22 +50
+2.359300 +32.992700 -2308.009800 +1063.898900 -56.658200 -4.909000 +90.000000 +22 +50
+2.506800 +28.904600 -2382.328300 +1058.569600 -55.191500 -4.047800 +90.000000 +22 +50
+2.654200 +20.578400 -2463.438300 +1086.561900 -53.551900 -2.788300 +90.000000 +22 +50
+2.801700 +13.379900 -2545.455900 +1136.578000 -51.660900 -1.368400 +90.000000 +22 +50
+2.949200 +12.494800 -2622.762900 +1195.558300 -49.416500 -0.082400 +90.000000 +22 +50
+3.096600 +21.893100 -2690.913900 +1251.958500 -46.739900 +0.843900 +90.000000 +22 +50
+3.244100 +44.174000 -2748.104000 +1296.667300 -43.621400 +1.257000 +90.000000 +22 +50
+3.391500 +80.591000 -2792.644600 +1323.052600 -40.128500 +1.045600 +90.000000 +22 +50
+3.539000 +130.216200 -2819.827300 +1329.740000 -36.373700 +0.358900 +90.000000 +22 +50
+3.686400 +190.720000 -2823.914400 +1319.633700 -32.466900 -0.460900 +90.000000 +22 +50
+3.833900 +259.295400 -2800.441400 +1298.575100 -28.485800 -1.085500 +90.000000 +22 +50
+3.981400 +333.565500 -2748.454700 +1274.048900 -24.472200 -1.338200 +90.000000 +22 +50
+4.128800 +412.465300 -2672.818700 +1253.953100 -20.444000 -1.355900 +90.000000 +22 +50
+4.276300 +496.472500 -2585.306700 +1243.040300 -16.408600 -1.355100 +90.000000 +22 +50
+4.423700 +584.583100 -2495.771000 +1231.789100 -12.373500 -1.271200 +90.000000 +22 +50
+4.571200 +676.873700 -2411.853800 +1215.420600 -8.355200 -0.823300 +90.000000 +22 +50
+4.718600 +775.047100 -2340.811100 +1199.082500 -4.389800 -0.399500 +90.000000 +22 +50
+4.866100 +880.726000 -2288.197500 +1192.128100 -0.544000 -0.723900 +90.000000 +22 +50
+5.013600 +993.777300 -2256.520400 +1202.270300 +3.085700 -1.950300 +90.000000 +22 +50
+5.161000 +1110.723100 -2243.917300 +1229.727800 +6.395100 -3.926900 +90.000000 +22 +50
+5.308500 +1223.345400 -2243.068000 +1261.755200 +9.314000 -5.924700 +90.000000 +22 +50
+5.455900 +1321.413500 -2245.837300 +1280.873400 +11.840400 -6.549200 +90.000000 +22 +50
+5.603400 +1399.607300 -2245.839900 +1282.695100 +14.040300 -5.369800 +90.000000 +22 +50
+5.750800 +1456.707800 -2233.436100 +1269.720100 +16.012400 -2.833400 +90.000000 +22 +50
+5.898300 +1494.454700 -2197.704600 +1248.442300 +17.842100 +0.204000 +90.000000 +22 +50
+6.045800 +1516.547500 -2128.826100 +1227.230000 +19.571300 +2.768800 +90.000000 +22 +50
+6.193200 +1527.686000 -2020.517300 +1214.299800 +21.193800 +4.044700 +90.000000 +22 +50
+6.340700 +1532.712500 -1872.797700 +1215.754000 +22.672000 +3.328300 +90.000000 +22 +50
+6.488100 +1535.785200 -1694.963500 +1233.566800 +23.964100 +0.550700 +90.000000 +22 +50
+6.635600 +1539.683700 -1507.599000 +1264.669400 +25.051500 -3.515700 +90.000000 +22 +50
+6.783100 +1546.219100 -1334.843300 +1305.510600 +25.947500 -7.782900 +90.000000 +22 +50
+6.930500 +1555.733400 -1195.980700 +1348.796500 +26.680500 -11.620200 +90.000000 +22 +50
+7.078000 +1567.239100 -1105.025200 +1383.472300 +27.253200 -14.752700 +90.000000 +22 +50
+7.225400 +1579.027100 -1070.802900 +1397.717300 +27.596400 -16.572900 +90.000000 +22 +50
+7.372900 +1589.134300 -1096.950000 +1382.161800 +27.541400 -16.621400 +90.000000 +22 +50
+7.520300 +1595.716900 -1181.976000 +1332.977900 +26.841600 -14.805600 +90.000000 +22 +50
+7.667800 +1597.533500 -1319.564000 +1254.667100 +25.256300 -11.152800 +90.000000 +22 +50
+7.815300 +1594.529200 -1499.729700 +1161.617900 +22.662600 -6.502900 +90.000000 +22 +50
+7.962700 +1587.719500 -1711.960200 +1067.534900 +19.121000 -2.142500 +90.000000 +22 +50
+8.110200 +1578.929500 -1933.329300 +981.993700 +14.845000 +0.870100 +90.000000 +22 +50
+8.257600 +1570.389000 -2131.134500 +913.359000 +10.100000 +1.338900 +90.000000 +22 +50
+8.405100 +1564.125000 -2275.531800 +866.971400 +5.108600 -1.374200 +90.000000 +22 +50
+8.552500 +1561.339500 -2351.524900 +843.358200 +0.011800 -5.643900 +90.000000 +22 +50
+8.700000 +1561.634000 -2370.323600 +836.462500 -5.117100 -10.000000 +90.000000 +22 +50
[END]


true
stable state found
Calculation time[s] 1013.717432
LimitWaterLVL[m] 0.400000
WaterLVL at time zero[m] -0.061623
Timestep[s] | HighestPointXYZ[m] | AngleToY[°] | Distance[m] | AngleX[°] | AngleY[°]
0.000000 0.002589 -0.063194 0.000000 177.653506 0.400000 -0.058638 -0.008053
0.147500 0.043827 -0.011377 -0.006055 104.552266 0.389899 -14.190210 0.233995
0.295000 -0.039076 0.041469 0.022046 316.702185 0.377530 -45.515499 1.183897
0.442500 0.046954 -0.019113 0.012937 112.149696 0.372812 -14.040652 0.296827
0.590000 0.001510 0.005479 0.002378 15.408890 0.395690 -13.564532 -0.248678
0.737500 -0.039585 -0.049580 0.014266 218.604210 0.384982 -13.183333 0.195970
0.885000 0.045360 -0.049833 0.020344 137.690335 0.381907 23.708881 -0.970856
1.032500 -0.016871 -0.060297 0.002995 195.631457 0.386304 19.052207 -1.540470
1.180000 -0.034406 0.001267 0.013686 272.108630 0.369777 9.222124 -0.631741
1.327500 0.054677 -0.043037 0.017974 128.206823 0.383464 35.741797 -0.425953
1.475000 0.004425 -0.008097 0.002042 151.344644 0.390103 23.710279 -0.623173
1.622500 -0.039097 0.010965 0.006774 285.666623 0.380632 4.070564 3.166132
1.770000 0.063919 -0.007475 0.022998 96.669709 0.381963 22.978340 3.956508
1.917500 -0.018349 0.041504 0.000856 336.149939 0.395438 11.587015 3.057674
2.065000 -0.045383 0.017484 0.009553 291.069179 0.384394 -4.087564 4.855726
2.212500 0.060930 0.008774 0.016471 81.805663 0.387599 20.639941 4.069079
2.360000 -0.041095 -0.009171 0.003268 257.419682 0.391674 0.597211 1.798825
2.507500 -0.045727 0.021087 0.004179 294.756783 0.392094 1.706633 3.781664
2.655000 0.054819 0.017617 0.013707 72.184325 0.388636 14.220766 -1.120718
2.802500 -0.036582 -0.037069 0.014142 224.621151 0.384641 -13.406996 -2.605037
2.950000 -0.052117 0.004746 0.000240 275.203251 0.399692 -0.096755 0.361043
3.097500 0.059844 -0.027858 0.006856 114.962464 0.392454 5.087401 -5.531434
3.245000 -0.051487 0.007174 0.020102 277.932302 0.380749 -19.279664 -5.448818
3.392500 -0.024624 0.037363 0.000111 326.613212 0.399873 -3.439371 -0.345354
3.540000 0.056871 -0.028553 0.010639 116.659675 0.389156 6.485410 -9.944258
3.687500 -0.013223 -0.058535 0.018267 192.729403 0.381349 -13.988172 -11.336490
3.835000 -0.037268 -0.026266 0.002400 234.824318 0.396670 1.509915 -2.642819
3.982500 0.015072 -0.063343 0.018207 166.615777 0.380880 9.430993 -10.921015
4.130000 -0.049418 -0.008841 0.017294 259.856951 0.381681 -11.172821 -5.629722
4.277500 0.061505 0.021812 0.008462 70.473568 0.392707 3.655350 6.343369
4.425000 0.019584 -0.062850 0.007511 162.693016 0.391448 6.954487 -4.308782
4.572500 -0.044106 -0.022681 0.013924 242.786031 0.385449 -10.701298 2.588400
4.720000 0.004610 0.055894 0.014676 4.714943 0.385683 1.591624 12.689844
4.867500 0.048891 -0.040907 0.003714 129.919154 0.395988 2.863082 -3.338069
5.015000 -0.031710 0.037158 0.013732 319.523355 0.386940 -8.447074 8.571552
5.162500 0.068584 0.018437 0.011907 74.953421 0.389514 9.528677 8.316817
5.310000 0.046032 -0.052771 0.015538 138.901897 0.377938 13.254062 -9.413538
5.457500 0.062784 -0.030135 0.001936 115.640027 0.393080 7.024664 4.631342
5.605000 0.044980 -0.050333 0.003670 138.214487 0.390343 16.029357 2.184199
5.752500 0.049110 -0.042801 0.021030 131.073235 0.376565 11.403659 -17.388068
5.900000 -0.031677 -0.042778 0.003425 216.519854 0.396729 -0.799850 -3.320619
6.047500 0.044700 -0.031742 0.008522 125.379183 0.392538 3.019373 -6.756634
6.195000 0.015491 -0.044336 0.017261 160.740423 0.384935 -1.482198 -20.668788
6.342500 -0.035465 0.044998 0.005581 321.756725 0.391048 -7.090581 0.524004
6.490000 0.054412 -0.035125 0.010739 122.843769 0.389616 2.590312 -6.349497
6.637500 -0.026056 -0.042971 0.006218 211.231049 0.390556 2.848183 -1.784142
6.785000 0.016588 0.059057 0.020780 15.689053 0.383449 3.808401 19.308006
6.932500 0.068054 -0.007795 0.004318 96.534262 0.384419 14.933384 7.274757
7.080000 0.026488 -0.011088 0.003864 112.714412 0.379424 13.390108 13.296555
7.227500 0.055880 0.046209 0.029715 50.411541 0.365861 15.184974 28.963019
7.375000 0.055763 -0.041303 0.000815 126.526914 0.368700 22.176258 13.850832
7.522500 0.055330 -0.008714 0.002473 98.950079 0.380434 15.070530 11.713880
7.670000 0.032424 0.052018 0.023149 31.936224 0.379179 10.840167 22.296028
7.817500 0.047098 -0.047876 -0.000739 135.469340 0.392497 10.685730 4.226398
7.965000 -0.032812 -0.039110 0.000316 219.995541 0.397924 0.992817 1.383431
8.112500 -0.015542 0.049856 0.002674 342.685769 0.396548 -1.838939 2.112239
8.260000 0.038828 -0.048652 0.017150 141.407296 0.383710 -0.338295 -22.670166
8.407500 0.036952 -0.057126 0.014538 147.103158 0.384255 -1.983491 -13.044102
8.555000 0.010278 -0.053081 0.011447 169.041507 0.382110 5.320873 -12.640678