[HEADER]
  GEAR_NOMINAL_VEL = 1.000000
  SAMPLING_MODE = CARTESIAN
  CRC = 4230818067
[RECORDS]
+0.000000 -1518.572600 -2138.653400 +1244.170800 -69.997600 +0.000000 +90.000000 +22 +50
+0.147500 -1509.285200 -2138.786800 +1247.564900 -69.292300 +11.170900 +90.000000 +22 +50
+0.294900 -1456.915700 -2140.531100 +1265.977000 -68.584600 +12.102500 +90.000000 +22 +50
+0.442400 -1345.766000 -2144.288900 +1304.858600 -67.876300 +10.175200 +90.000000 +22 +50
+0.589800 -1182.051100 -2149.441400 +1361.488300 -67.167000 +5.399700 +90.000000 +22 +50
+0.737300 -985.510500 -2154.756000 +1427.244800 -66.455600 -0.942700 +90.000000 +22 +50
+0.884700 -780.962800 -2158.820100 +1489.786100 -65.740700 -6.743700 +90.000000 +22 +50
+1.032200 -589.513600 -2160.517200 +1535.414100 -65.021100 -10.522700 +90.000000 +22 +50
+1.179700 -421.776700 -2159.129600 +1554.279400 -64.295100 -12.498800 +90.000000 +22 +50
+1.327100 -284.540100 -2154.317900 +1549.144800 -63.559900 -12.857600 +90.000000 +22 +50
+1.474600 -179.687700 -2148.280300 +1521.183200 -62.808300 -11.899200 +90.000000 +22 +50
+1.622000 -103.825300 -2145.214900 +1468.506700 -62.023900 -10.087700 +90.000000 +22 +50
+1.769500 -50.641300 -2149.955300 +1390.537900 -61.179500 -7.988700 +90.000000 +22 +50
+1.916900 -13.343800 -2166.732800 +1292.550400 -60.241700 -6.385400 +90.000000 +22 +50
+2.064400 +12.810500 -2198.286000 +1190.186600 -59.181900 -5.715400 +90.000000 +22 +50
+2.211900 +28.407100 -2245.594100 +1108.669400 -57.987100 -5.380100 +90.000000 +22 +50
+2.359300 +32.992700 -2308.009800 +1063.898900 -56.658200 -4.909000 +90.000000 +22 +50
+2.506800 +28.904600 -2382.328300 +1058.569600 -55.191500 -4.047800 +90.000000 +22 +50
+2.654200 +20.578400 -2463.438300 +1086.561900 -53.551900 -2.788300 +90.000000 +22 +50
+2.801700 +13.379900 -2545.455900 +1136.578000 -51.660900 -1.368400 +90.000000 +22 +50
+2.949200 +12.494800 -2622.762900 +1195.558300 -49.416500 -0.082400 +90.000000 +22 +50
+3.096600 +21.893100 -2690.913900 +1251.958500 -46.739900 +0.843900 +90.000000 +22 +50
+3.244100 +44.174000 -2748.104000 +1296.667300 -43.621400 +1.257000 +90.000000 +22 +50
+3.391500 +80.591000 -2792.644600 +1323.052600 -40.128500 +1.045600 +90.000000 +22 +50
+3.539000 +130.216200 -2819.827300 +1329.740000 -36.373700 +0.358900 +90.000000 +22 +50
+3.686400 +190.720000 -2823.914400 +1319.633700 -32.466900 -0.460900 +90.000000 +22 +50
+3.833900 +259.295400 -2800.441400 +1298.575100 -28.485800 -1.085500 +90.000000 +22 +50
+3.981400 +333.565500 -2748.454700 +1274.048900 -24.472200 -1.338200 +90.000000 +22 +50
+4.128800 +412.465300 -2672.818700 +1253.953100 -20.444000 -1.355900 +90.000000 +22 +50
+4.276300 +496.472500 -2585.306700 +1243.040300 -16.408600 -1.355100 +90.000000 +22 +50
+4.423700 +584.583100 -2495.771000 +1231.789100 -12.373500 -1.271200 +90.000000 +22 +50
+4.571200 +676.873700 -2411.853800 +1215.420600 -8.355200 -0.823300 +90.000000 +22 +50
+4.718600 +775.047100 -2340.811100 +1199.082500 -4.389800 -0.399500 +90.000000 +22 +50
+4.866100 +880.726000 -2288.197500 +1192.128100 -0.544000 -0.723900 +90.000000 +22 +50
+5.013600 +993.777300 -2256.520400 +1202.270300 +3.085700 -1.950300 +90.000000 +22 +50
+5.161000 +1110.723100 -2243.917300 +1229.727800 +6.395100 -3.926900 +90.000000 +22 +50
+5.308500 +1223.345400 -2243.068000 +1261.755200 +9.314000 -5.924700 +90.000000 +22 +50
+5.455900 +1321.413500 -2245.837300 +1280.873400 +11.840400 -6.549200 +90.000000 +22 +50
+5.603400 +1399.607300 -2245.839900 +1282.695100 +14.040300 -5.369800 +90.000000 +22 +50
+5.750800 +1456.707800 -2233.436100 +1269.720100 +16.012400 -2.833400 +90.000000 +22 +50
+5.898300 +1494.454700 -2197.704600 +1248.442300 +17.842100 +0.204000 +90.000000 +22 +50
+6.045800 +1516.547500 -2128.826100 +1227.230000 +19.571300 +2.768800 +90.000000 +22 +50
+6.193200 +1527.686000 -2020.517300 +1214.299800 +21.193800 +4.044700 +90.000000 +22 +50
+6.340700 +1532.712500 -1872.797700 +1215.754000 +22.672000 +3.328300 +90.000000 +22 +50
+6.488100 +1535.785200 -1694.963500 +1233.566800 +23.964100 +0.550700 +90.000000 +22 +50
+6.635600 +1539.683700 -1507.599000 +1264.669400 +25.051500 -3.515700 +90.000000 +22 +50
+6.783100 +1546.219100 -1334.843300 +1305.510600 +25.947500 -7.782900 +90.000000 +22 +50
+6.930500 +1555.733400 -1195.980700 +1348.796500 +26.680500 -11.620200 +90.000000 +22 +50
+7.078000 +1567.239100 -1105.025200 +1383.472300 +27.253200 -14.752700 +90.000000 +22 +50
+7.225400 +1579.027100 -1070.802900 +1397.717300 +27.596400 -16.572900 +90.000000 +22 +50
+7.372900 +1589.134300 -1096.950000 +1382.161800 +27.541400 -16.621400 +90.000000 +22 +50
+7.520300 +1595.716900 -1181.976000 +1332.977900 +26.841600 -14.805600 +90.000000 +22 +50
+7.667800 +1597.533500 -1319.564000 +1254.667100 +25.256300 -11.152800 +90.000000 +22 +50
+7.815300 +1594.529200 -1499.729700 +1161.617900 +22.662600 -6.502900 +90.000000 +22 +50
+7.962700 +1587.719500 -1711.960200 +1067.534900 +19.121000 -2.142500 +90.000000 +22 +50
+8.110200 +1578.929500 -1933.329300 +981.993700 +14.845000 +0.870100 +90.000000 +22 +50
+8.257600 +1570.389000 -2131.134500 +913.359000 +10.100000 +1.338900 +90.000000 +22 +50
+8.405100 +1564.125000 -2275.531800 +866.971400 +5.108600 -1.374200 +90.000000 +22 +50
+8.552500 +1561.339500 -2351.524900 +843.358200 +0.011800 -5.643900 +90.000000 +22 +50
+8.700000 +1561.634000 -2370.323600 +836.462500 -5.117100 -10.000000 +90.000000 +22 +50
[END]


true
stable state found
Calculation time[s] 1051.088102
LimitWaterLVL[m] 0.400000
WaterLVL at time zero[m] -0.061623
Timestep[s] | HighestPointXYZ[m] | AngleToY[°] | Distance[m] | AngleX[°] | AngleY[°]
0.000000 0.002589 -0.063194 0.000000 177.653506 0.400000 -0.058638 -0.008053
0.147500 0.043827 -0.011377 -0.006055 104.552266 0.389899 -14.186770 0.230306
0.295000 -0.039076 0.041469 0.022046 316.702185 0.377530 -45.515499 1.183897
0.442500 0.046954 -0.019113 0.012937 112.149696 0.372812 -14.041398 0.302955
0.590000 0.001510 0.005479 0.002378 15.408890 0.395690 -13.559908 -0.233827
0.737500 -0.039585 -0.049580 0.014266 218.604210 0.384982 -13.218694 0.214361
0.885000 0.049066 -0.046925 0.020693 133.722033 0.382020 23.551349 -0.926725
1.032500 -0.001300 -0.063905 0.002055 181.165395 0.390004 19.258526 -1.421944
1.180000 -0.034406 0.001267 0.013686 272.108630 0.369777 9.321218 -0.624847
1.327500 0.054677 -0.043037 0.017974 128.206823 0.383464 35.543584 -0.444313
1.475000 -0.034715 0.024338 -0.005209 305.033316 0.390028 23.775412 -0.590629
1.622500 -0.039097 0.010965 0.006774 285.666623 0.380632 4.109753 3.080441
1.770000 0.065009 -0.022526 0.019239 109.111108 0.385514 22.828386 3.916688
1.917500 -0.018349 0.041504 0.000856 336.149939 0.395438 11.529519 3.147217
2.065000 -0.045383 0.017484 0.009553 291.069179 0.384394 -4.039602 4.868104
2.212500 0.060930 0.008774 0.016471 81.805663 0.387599 20.638756 4.104251
2.360000 -0.033605 -0.042355 0.003912 218.428935 0.391001 0.188094 1.732406
2.507500 -0.045727 0.021087 0.004179 294.756783 0.392094 2.024020 3.695045
2.655000 0.063539 -0.010469 0.010709 99.356274 0.391651 14.128289 -1.024339
2.802500 -0.036582 -0.037069 0.014142 224.621151 0.384641 -13.528544 -2.694790
2.950000 0.019903 -0.060467 0.000339 161.780795 0.399657 0.061839 0.258933
3.097500 0.059844 -0.027858 0.006856 114.962464 0.392454 4.828102 -5.403880
3.245000 -0.051487 0.007174 0.020102 277.932302 0.380749 -19.135949 -5.446840
3.392500 -0.024624 0.037363 0.000111 326.613212 0.399873 -3.121525 -0.304090
3.540000 0.056871 -0.028553 0.010639 116.659675 0.389156 6.354502 -9.844688
3.687500 -0.013223 -0.058535 0.018267 192.729403 0.381349 -14.029015 -11.428199
3.835000 -0.034658 -0.029216 0.002455 229.869782 0.396616 1.592994 -2.765670
3.982500 0.015072 -0.063343 0.018207 166.615777 0.380880 9.229132 -10.557717
4.130000 -0.047898 -0.012435 0.017475 255.446492 0.381459 -11.273481 -5.725829
4.277500 0.063715 0.017500 0.008457 74.641829 0.392661 3.899864 6.150236
4.425000 0.019584 -0.062850 0.007511 162.693016 0.391448 6.937256 -4.170612
4.572500 -0.047926 -0.020798 0.017263 246.541052 0.382108 -10.881174 2.410400
4.720000 0.004610 0.055894 0.014676 4.714943 0.385683 1.710249 12.603197
4.867500 0.046341 -0.038812 0.003668 129.947200 0.396047 2.777231 -2.989431
5.015000 -0.031710 0.037158 0.013732 319.523355 0.386940 -8.712814 8.362742
5.162500 0.068584 0.018437 0.011907 74.953421 0.389514 9.738789 8.252922
5.310000 0.046032 -0.052771 0.015538 138.901897 0.377938 13.284512 -9.031029
5.457500 -0.023926 -0.039836 -0.000222 210.989554 0.392725 6.721948 4.341586
5.605000 0.044980 -0.050333 0.003670 138.214487 0.390343 16.075505 1.968869
5.752500 0.049110 -0.042801 0.021030 131.073235 0.376565 11.380400 -17.035038
5.900000 -0.031677 -0.042778 0.003425 216.519854 0.396729 -1.127365 -3.387893
6.047500 0.041150 -0.045675 0.012392 137.983471 0.389346 3.391865 -7.187311
6.195000 0.020911 -0.045245 0.016886 155.195058 0.385381 -1.483191 -20.231016
6.342500 -0.035465 0.044998 0.005581 321.756725 0.391048 -7.949134 0.466763
6.490000 0.057152 -0.030948 0.010748 118.435694 0.389569 2.840007 -6.380554
6.637500 -0.005936 -0.045314 0.003249 187.463082 0.393268 3.005505 -1.374546
6.785000 0.016588 0.059057 0.020780 15.689053 0.383449 3.417800 19.131607
6.932500 0.059674 -0.018669 0.002697 107.372283 0.384027 15.395530 7.111259
7.080000 0.026488 -0.011088 0.003864 112.714412 0.379424 13.228656 13.700723
7.227500 0.055880 0.046209 0.029715 50.411541 0.365861 14.823045 28.854832
7.375000 0.070373 -0.031223 0.005686 113.925841 0.366342 22.514114 13.535030
7.522500 0.065760 -0.009999 0.001183 98.645766 0.381038 15.092341 11.942334
7.670000 0.038404 0.052073 0.023540 36.408890 0.378700 10.454514 22.342514
7.817500 0.032308 -0.042886 0.001250 143.007601 0.391163 10.974527 4.080531
7.965000 -0.030762 -0.032888 0.000503 223.086951 0.397971 1.132186 1.456466
8.112500 -0.015542 0.049856 0.002674 342.685769 0.396548 -2.343649 2.396177
8.260000 0.008108 -0.051395 0.017394 171.034953 0.383652 -0.007941 -22.867367
8.407500 0.044802 -0.051973 0.011478 139.237856 0.387482 -1.944120 -12.833282
8.555000 0.010278 -0.053081 0.011447 169.041507 0.382110 5.079007 -12.763581