[HEADER]
  GEAR_NOMINAL_VEL = 1.000000
  SAMPLING_MODE = CARTESIAN
  CRC = 4230818067
[RECORDS]
+0.000000 +0.000000 +0.000000 +0.000000 -90.000000 +0.000000 +90.000000 +22 +50
+0.200000 -64.000000 +0.000000 +0.000000 -90.000000 +0.000000 +85.000000 +22 +50
+0.400000 -256.000000 +0.000000 +0.000000 -90.000000 +0.000000 +75.000000 +22 +50
+0.600000 -576.000000 +0.000000 +0.000000 -90.000000 +0.000000 +65.000000 +22 +50
+0.800000 -1024.000000 +0.000000 +0.000000 -90.000000 +0.000000 +65.000000 +22 +50
+1.000000 -1600.000000 +0.000000 +0.000000 -90.000000 +0.000000 +65.000000 +22 +50
+1.200000 -2304.000000 +0.000000 +0.000000 -90.000000 +0.000000 +65.000000 +22 +50
+1.400000 -3136.000000 +0.000000 +0.000000 -90.000000 +0.000000 +65.000000 +22 +50
+1.600000 -4096.000000 +0.000000 +0.000000 -90.000000 +0.000000 +65.000000 +22 +50
+1.800000 -5184.000000 +0.000000 +0.000000 -90.000000 +0.000000 +65.000000 +22 +50
+2.000000 -6400.000000 +0.000000 +0.000000 -90.000000 +0.000000 +65.000000 +22 +50
+2.200000 -7744.000000 +0.000000 +0.000000 -90.000000 +0.000000 +65.000000 +22 +50
+2.400000 -9216.000000 +0.000000 +0.000000 -90.000000 +0.000000 +65.000000 +22 +50
+2.600000 -10816.000000 +0.000000 +0.000000 -90.000000 +0.000000 +65.000000 +22 +50
+2.800000 -12544.000000 +0.000000 +0.000000 -90.000000 +0.000000 +65.000000 +22 +50
+3.000000 -14400.000000 +0.000000 +0.000000 -90.000000 +0.000000 +65.000000 +22 +50
+3.200000 -16384.000000 +0.000000 +0.000000 -90.000000 +0.000000 +65.000000 +22 +50
[END]


true
stable state found
Calculation time[s] 304.938345
LimitWaterLVL[m] 0.400000
WaterLVL at time zero[m] -0.061623
Timestep[s] | HighestPointXYZ[m] | AngleToY[°] | Distance[m] | AngleX[°] | AngleY[°]
0.000000 0.002589 -0.063194 0.000000 177.653506 0.400000 -0.058638 -0.008053
0.200000 0.043401 -0.042762 0.014571 134.575556 0.380235 18.870724 -5.627748
0.400000 0.045436 -0.024970 0.014948 118.791718 0.365469 18.530995 -14.633818
0.600000 0.032501 -0.028065 0.010068 130.810797 0.341537 16.574951 -23.881624
0.800000 0.032501 -0.028065 0.010068 130.810797 0.341537 19.453982 -21.607774
1.000000 0.036120 -0.026071 0.010869 125.821526 0.341654 15.059568 -25.895031
1.200000 0.036120 -0.026071 0.010869 125.821526 0.341654 20.853386 -20.405058
1.400000 0.032500 -0.028065 0.010068 130.811467 0.341538 13.491312 -26.933693
1.600000 0.040680 -0.020988 0.017399 117.290753 0.337885 22.534707 -19.944759
1.800000 0.028830 -0.032861 0.011024 138.738753 0.338644 12.671039 -27.527559
2.000000 0.032500 -0.028065 0.010068 130.811467 0.341538 23.268404 -19.630794
2.200000 0.032500 -0.028065 0.010068 130.811467 0.341538 11.768174 -27.152274
2.400000 0.032500 -0.028065 0.010068 130.811467 0.341538 23.675895 -20.244816
2.600000 0.029700 -0.031930 0.008079 137.071999 0.341707 11.564727 -26.047177
2.800000 0.034600 -0.025693 0.015411 126.596235 0.337698 23.533968 -21.950708
3.000000 0.040600 -0.025213 0.010377 121.841198 0.342462 12.388025 -24.558178