[HEADER]
  GEAR_NOMINAL_VEL = 1.000000
  SAMPLING_MODE = CARTESIAN
  CRC = 4230818067
[RECORDS]
+0.000000 +0.000000 +0.000000 +0.000000 -90.000000 +0.000000 +90.000000 +22 +50
+0.200000 +0.000000 +40.000000 +0.000000 -90.000000 +0.000000 +90.000000 +22 +50
+0.400000 +0.000000 +160.000000 +0.000000 -90.000000 +0.000000 +90.000000 +22 +50
+0.600000 +0.000000 +360.000000 +0.000000 -90.000000 +0.000000 +90.000000 +22 +50
+0.800000 +0.000000 +640.000000 +0.000000 -90.000000 +0.000000 +90.000000 +22 +50
+1.000000 +0.000000 +1000.000000 +0.000000 -90.000000 +0.000000 +90.000000 +22 +50
+1.200000 +0.000000 +1440.000000 +0.000000 -90.000000 +0.000000 +90.000000 +22 +50
+1.400000 +0.000000 +1960.000000 +0.000000 -90.000000 +0.000000 +90.000000 +22 +50
+1.600000 +0.000000 +2560.000000 +0.000000 -90.000000 +0.000000 +90.000000 +22 +50
+1.800000 +0.000000 +3240.000000 +0.000000 -90.000000 +0.000000 +90.000000 +22 +50
+2.000000 +0.000000 +4000.000000 +0.000000 -90.000000 +0.000000 +90.000000 +22 +50
+2.200000 +0.000000 +4840.000000 +0.000000 -90.000000 +0.000000 +90.000000 +22 +50
+2.400000 +0.000000 +5760.000000 +0.000000 -90.000000 +0.000000 +90.000000 +22 +50
+2.600000 +0.000000 +6760.000000 +0.000000 -90.000000 +0.000000 +90.000000 +22 +50
+2.800000 +0.000000 +7840.000000 +0.000000 -90.000000 +0.000000 +90.000000 +22 +50
+3.000000 +0.000000 +9000.000000 +0.000000 -90.000000 +0.000000 +90.000000 +22 +50
+3.200000 +0.000000 +10240.000000 +0.000000 -90.000000 +0.000000 +90.000000 +22 +50
[END]


true
stable state found
Calculation time[s] 333.559889
LimitWaterLVL[m] 0.400000
WaterLVL at time zero[m] -0.061623
Timestep[s] | HighestPointXYZ[m] | AngleToY[°] | Distance[m] | AngleX[°] | AngleY[°]
0.000000 0.002589 -0.063194 0.000000 177.653506 0.400000 -0.058638 -0.008053
0.200000 0.023329 -0.061990 0.010978 159.376434 0.389022 -0.118542 -11.722608
0.400000 0.002497 -0.061509 0.011040 177.675791 0.388960 0.064502 -11.839370
0.600000 0.002619 -0.064133 0.007162 177.661457 0.392838 -0.112179 -10.344353
0.800000 0.002497 -0.061509 0.011040 177.675771 0.388960 -0.029211 -13.548304
1.000000 0.002619 -0.064133 0.007162 177.661457 0.392838 -0.119639 -9.202680
1.200000 0.018077 -0.062720 0.014724 163.922094 0.385276 0.121783 -14.190699
1.400000 0.002619 -0.064130 0.007163 177.661152 0.392838 -0.286137 -8.948503
1.600000 0.007685 -0.064030 0.014792 173.155709 0.385208 0.092884 -13.944720
1.800000 0.002619 -0.064130 0.007163 177.661152 0.392838 -0.216768 -9.344320
2.000000 0.002497 -0.061510 0.011040 177.675232 0.388960 0.012134 -13.233412
2.200000 0.007821 -0.064340 0.010971 173.069534 0.389029 -0.164230 -10.411119
2.400000 0.002496 -0.061510 0.011040 177.675827 0.388960 0.097002 -12.332442
2.600000 -0.007826 -0.064350 0.010968 186.933997 0.389032 -0.127325 -10.855938
2.800000 0.002496 -0.061510 0.011040 177.675827 0.388960 0.001515 -11.859079
3.000000 0.002497 -0.061510 0.011040 177.675232 0.388960 -0.190278 -11.656265