[HEADER]
  GEAR_NOMINAL_VEL = 1.000000
  SAMPLING_MODE = CARTESIAN
  CRC = 4230818067
[RECORDS]
+0.000000 +0.000000 +0.000000 +0.000000 -90.000000 +0.000000 +90.000000 +22 +50
+0.200000 +0.000000 +40.000000 +0.000000 -90.000000 +0.000000 +90.000000 +22 +50
+0.400000 +0.000000 +160.000000 +0.000000 -90.000000 +0.000000 +90.000000 +22 +50
+0.600000 +0.000000 +360.000000 +0.000000 -90.000000 +0.000000 +90.000000 +22 +50
+0.800000 +0.000000 +640.000000 +0.000000 -90.000000 +0.000000 +90.000000 +22 +50
+1.000000 +0.000000 +1000.000000 +0.000000 -90.000000 +0.000000 +90.000000 +22 +50
+1.200000 +0.000000 +1440.000000 +0.000000 -90.000000 +0.000000 +90.000000 +22 +50
+1.400000 +0.000000 +1960.000000 +0.000000 -90.000000 +0.000000 +90.000000 +22 +50
+1.600000 +0.000000 +2560.000000 +0.000000 -90.000000 +0.000000 +90.000000 +22 +50
+1.800000 +0.000000 +3240.000000 +0.000000 -90.000000 +0.000000 +90.000000 +22 +50
+2.000000 +0.000000 +4000.000000 +0.000000 -90.000000 +0.000000 +90.000000 +22 +50
+2.200000 +0.000000 +4840.000000 +0.000000 -90.000000 +0.000000 +90.000000 +22 +50
+2.400000 +0.000000 +5760.000000 +0.000000 -90.000000 +0.000000 +90.000000 +22 +50
+2.600000 +0.000000 +6760.000000 +0.000000 -90.000000 +0.000000 +90.000000 +22 +50
+2.800000 +0.000000 +7840.000000 +0.000000 -90.000000 +0.000000 +90.000000 +22 +50
+3.000000 +0.000000 +9000.000000 +0.000000 -90.000000 +0.000000 +90.000000 +22 +50
+3.200000 +0.000000 +10240.000000 +0.000000 -90.000000 +0.000000 +90.000000 +22 +50
[END]
