[HEADER]
  GEAR_NOMINAL_VEL = 1.000000
  SAMPLING_MODE = CARTESIAN
  CRC = 4230818067
[RECORDS]
+0.000000 +0.000000 +0.000000 +0.000000 -90.000000 +0.000000 +90.000000 +22 +50
+0.200000 +0.000000 -52.000000 +0.000000 -90.000000 -25.000000 +90.000000 +22 +50
+0.400000 +0.000000 -208.000000 +0.000000 -90.000000 -25.000000 +90.000000 +22 +50
+0.600000 +0.000000 -468.000000 +0.000000 -90.000000 -25.000000 +90.000000 +22 +50
+0.800000 +0.000000 -832.000000 +0.000000 -90.000000 -25.000000 +90.000000 +22 +50
+1.000000 +0.000000 -1300.000000 +0.000000 -90.000000 -25.000000 +90.000000 +22 +50
+1.200000 +0.000000 -1872.000000 +0.000000 -90.000000 -25.000000 +90.000000 +22 +50
+1.400000 +0.000000 -2548.000000 +0.000000 -90.000000 -25.000000 +90.000000 +22 +50
+1.600000 +0.000000 -3328.000000 +0.000000 -90.000000 -25.000000 +90.000000 +22 +50
[END]


true
stable state found
Calculation time[s] 166.379495
LimitWaterLVL[m] 0.400000
WaterLVL at time zero[m] -0.061623
Timestep[s] | HighestPointXYZ[m] | AngleToY[°] | Distance[m] | AngleX[°] | AngleY[°]
0.000000 0.002589 -0.063194 0.000000 177.653506 0.400000 -0.058638 -0.008053
0.200000 -0.024717 0.028883 0.015220 319.444511 0.338284 25.828791 16.871999
0.400000 -0.024933 0.025600 0.011156 315.756220 0.341875 31.292416 16.089338
0.600000 -0.022752 0.027863 0.016461 320.766560 0.337989 17.600619 13.138292
0.800000 -0.023139 0.025654 0.007794 317.950905 0.345681 36.461886 20.239709
1.000000 -0.032037 0.013900 0.020144 293.454540 0.330727 13.812703 8.985687
1.200000 -0.024933 0.025600 0.011156 315.756105 0.341875 40.170257 24.179776
1.400000 -0.024297 0.030750 0.023787 321.686102 0.330696 11.838053 6.459083
1.600000 -0.025960 0.023020 0.006004 311.564752 0.346110 41.905029 16.728532