12 12  0  0.34963 -0.35744 -0.86603 0 -60 4500
12 12  0  0.69925 -0.71487 0 0 0 4195.6451
12 12  0  0.34963 -0.35744 0.86603 0 60 5119.9988
12 12  0  0.4815 -0.13474 -0.86603 30 -60 4019.3139
12 12  0  0.96301 -0.26947 0 30 0 2985.9573
12 8  0  0.27389 -0.41831 -0.86603 0 -60 4500
12 8  0  0.54778 -0.83662 0 0 0 3875.5245
12 8  0  0.27389 -0.41831 0.86603 0 60 4500
12 8  0  0.44635 -0.22532 -0.86603 30 -60 3755.8701
12 8  0  0.8927 -0.45064 0 30 0 2693.7454
12 8  0  0.44635 -0.22532 0.86603 30 60 4500
12 4  0  -0.10252 -0.48938 -0.86603 -30 -60 3694.0192
12 4  0  -0.20503 -0.97876 0 -30 0 2631.7845
12 4  0  -0.10252 -0.48938 0.86603 -30 60 4500
12 4  0  0.15591 -0.47507 -0.86603 0 -60 4406.0187
12 4  0  0.31182 -0.95014 0 0 0 3401.9657
12 4  0  0.15591 -0.47507 0.86603 0 60 4500
12 4  0  0.37256 -0.33347 -0.86603 30 -60 3649.3785
12 4  0  0.74511 -0.66694 0 30 0 2581.9478
12 4  0  0.37256 -0.33347 0.86603 30 60 4500
12 0  0  -0.25 -0.43301 -0.86603 -30 -60 3625.9191
12 0  0  -0.5 -0.86603 0 -30 0 2538.9917
12 0  0  -0.25 -0.43301 0.86603 -30 60 4500
12 0  0  0 -0.5 -0.86603 0 -60 4184.7685
12 0  0  0 -1 0 0 0 3339.9255
12 0  0  0 -0.5 0.86603 0 60 4500
12 0  0  0.25 -0.43301 -0.86603 30 -60 3625.7038
12 0  0  0.5 -0.86603 0 30 0 2541.6282
12 0  0  0.25 -0.43301 0.86603 30 60 4500
12 -4  0  -0.37256 -0.33347 -0.86603 -30 -60 3650.4511
12 -4  0  -0.74511 -0.66694 0 -30 0 2586.5025
12 -4  0  -0.37256 -0.33347 0.86603 -30 60 4500
12 -4  0  -0.15591 -0.47507 -0.86603 0 -60 4403.431
12 -4  0  -0.31182 -0.95014 0 0 0 3395.0572
12 -4  0  -0.15591 -0.47507 0.86603 0 60 4500
12 -4  0  0.10252 -0.48938 -0.86603 30 -60 3370.1612
12 -4  0  0.20503 -0.97876 0 30 0 2560.8301
12 -4  0  0.10252 -0.48938 0.86603 30 60 4500
12 -8  0  -0.44635 -0.22532 -0.86603 -30 -60 3762.3188
12 -8  0  -0.8927 -0.45064 0 -30 0 2700.505
12 -8  0  -0.44635 -0.22532 0.86603 -30 60 4500
12 -8  0  -0.27389 -0.41831 -0.86603 0 -60 4500
12 -8  0  -0.54778 -0.83662 0 0 0 3923.0999
12 -8  0  -0.27389 -0.41831 0.86603 0 60 4500
12 -8  0  -0.028042 -0.49921 -0.86603 30 -60 3506.8773
12 -12  0  -0.4815 -0.13474 -0.86603 -30 -60 4022.2058
12 -12  0  -0.96301 -0.26947 0 -30 0 2995.5848
12 -12  0  -0.34963 -0.35744 -0.86603 0 -60 4500
12 -12  0  -0.69925 -0.71487 0 0 0 4420.4864
12 -12  0  -0.34963 -0.35744 0.86603 0 60 4911.9524
8 12  0  0.21874 -0.44962 -0.86603 -30 -60 3446.7759
8 12  0  0.21874 -0.44962 0.86603 -30 60 7403.8066
8 12  0  0.41424 -0.28001 -0.86603 0 -60 4500
8 12  0  0.82848 -0.56002 0 0 0 3836.8105
8 12  0  0.41424 -0.28001 0.86603 0 60 5119.9988
8 12  0  0.49875 -0.035377 -0.86603 30 -60 4019.3139
8 12  0  0.99749 -0.070754 0 30 0 2985.9573
8 12  0  0.49875 -0.035377 0.86603 30 60 6143.9531
8 8  0  0.12705 -0.48359 -0.86603 -30 -60 3446.0694
8 8  0  0.25409 -0.96718 0 -30 0 2394.8289
8 8  0  0.12705 -0.48359 0.86603 -30 60 5488.3315
8 8  0  0.35182 -0.35528 -0.86603 0 -60 4162.4984
8 8  0  0.70364 -0.71056 0 0 0 3230.987
8 8  0  0.35182 -0.35528 0.86603 0 60 4500
8 8  0  0.48232 -0.13177 -0.86603 30 -60 3533.606
8 8  0  0.96465 -0.26354 0 30 0 2508.706
8 8  0  0.48232 -0.13177 0.86603 30 60 4500
8 4  0  -0.03142 -0.49901 -0.86603 -30 -60 3412.0743
8 4  0  -0.06284 -0.99802 0 -30 0 2416.6058
8 4  0  -0.03142 -0.49901 0.86603 -30 60 4500
8 4  0  0.2223 -0.44787 -0.86603 0 -60 3604.1502
8 4  0  0.44459 -0.89573 0 0 0 2920.8541
8 4  0  0.2223 -0.44787 0.86603 0 60 4500
8 4  0  0.41645 -0.27672 -0.86603 30 -60 3365.4989
8 4  0  0.83289 -0.55343 0 30 0 2367.8743
8 4  0  0.41645 -0.27672 0.86603 30 60 4500
8 0  0  -0.25 -0.43301 -0.86603 -30 -60 3326.0465
8 0  0  -0.5 -0.86603 0 -30 0 2319.7195
8 0  0  -0.25 -0.43301 0.86603 -30 60 4500
8 0  0  0 -0.5 -0.86603 0 -60 3805.4249
8 0  0  0 -1 0 0 0 2580.6216
8 0  0  0 -0.5 0.86603 0 60 4500
8 0  0  0.25 -0.43301 -0.86603 30 -60 3108.6453
8 0  0  0.5 -0.86603 0 30 0 2322.9255
8 0  0  0.25 -0.43301 0.86603 30 60 4500
8 -4  0  -0.41645 -0.27672 -0.86603 -30 -60 3365.3431
8 -4  0  -0.83289 -0.55343 0 -30 0 2370.1584
8 -4  0  -0.41645 -0.27672 0.86603 -30 60 4500
8 -4  0  -0.2223 -0.44787 -0.86603 0 -60 3969.2756
8 -4  0  -0.44459 -0.89573 0 0 0 2910.6071
8 -4  0  -0.2223 -0.44787 0.86603 0 60 4500
8 -4  0  0.03142 -0.49901 -0.86603 30 -60 3370.1612
8 -4  0  0.06284 -0.99802 0 30 0 2315.6105
8 -4  0  0.03142 -0.49901 0.86603 30 60 4500
8 -8  0  -0.48232 -0.13177 -0.86603 -30 -60 3545.1802
8 -8  0  -0.96465 -0.26354 0 -30 0 2516.9777
8 -8  0  -0.48232 -0.13177 0.86603 -30 60 4500
8 -8  0  -0.35182 -0.35528 -0.86603 0 -60 4161.2438
8 -8  0  -0.70364 -0.71056 0 0 0 3400.0213
8 -8  0  -0.35182 -0.35528 0.86603 0 60 4500
8 -8  0  -0.12705 -0.48359 -0.86603 30 -60 3361.6802
8 -8  0  -0.25409 -0.96718 0 30 0 2391.044
8 -8  0  -0.12705 -0.48359 0.86603 30 60 5449.4089
8 -12  0  -0.49875 -0.035377 -0.86603 -30 -60 4022.2058
8 -12  0  -0.99749 -0.070754 0 -30 0 2995.5848
8 -12  0  -0.49875 -0.035377 0.86603 -30 60 6240.2904
8 -12  0  -0.41424 -0.28001 -0.86603 0 -60 4500
8 -12  0  -0.82848 -0.56002 0 0 0 3977.7167
8 -12  0  -0.41424 -0.28001 0.86603 0 60 4911.9524
4 12  0  0.33073 -0.37499 -0.86603 -30 -60 3446.7759
4 12  0  0.66145 -0.74999 0 -30 0 2363.8633
4 12  0  0.33073 -0.37499 0.86603 -30 60 7403.8066
4 12  0  0.47391 -0.15939 -0.86603 0 -60 4207.9796
4 12  0  0.94783 -0.31878 0 0 0 3629.9498
4 12  0  0.47391 -0.15939 0.86603 0 60 5119.9988
4 12  0  0.49012 0.09892 -0.86603 30 -60 3794.9073
4 12  0  0.98023 0.19784 0 30 0 2799.2647
4 12  0  0.49012 0.09892 0.86603 30 60 6143.9531
4 8  0  0.27468 -0.41779 -0.86603 -30 -60 3446.0694
4 8  0  0.54936 -0.83559 0 -30 0 2394.8289
4 8  0  0.27468 -0.41779 0.86603 -30 60 5488.3315
4 8  0  0.44678 -0.22448 -0.86603 0 -60 3843.9266
4 8  0  0.89355 -0.44896 0 0 0 2918.1713
4 8  0  0.44678 -0.22448 0.86603 0 60 4500
4 8  0  0.49916 0.028982 -0.86603 30 -60 3461.4042
4 8  0  0.99832 0.057965 0 30 0 2315.1314
4 8  0  0.49916 0.028982 0.86603 30 60 4500
4 4  0  0.12882 -0.48312 -0.86603 -30 -60 3108.1255
4 4  0  0.25764 -0.96624 0 -30 0 2182.8891
4 4  0  0.12882 -0.48312 0.86603 -30 60 4500
4 4  0  0.35312 -0.35398 -0.86603 0 -60 3061.0815
4 4  0  0.70624 -0.70797 0 0 0 2215.6535
4 4  0  0.35312 -0.35398 0.86603 0 60 4500
4 4  0  0.4828 -0.13 -0.86603 30 -60 3052.6796
4 4  0  0.96561 -0.26 0 30 0 2039.5442
4 4  0  0.4828 -0.13 0.86603 30 60 4500
4 0  0  -0.25 -0.43301 -0.86603 -30 -60 2879.312
4 0  0  -0.5 -0.86603 0 -30 0 1779.9179
4 0  0  -0.25 -0.43301 0.86603 -30 60 4500
4 0  0  0 -0.5 -0.86603 0 -60 2900.4165
4 0  0  0 -1 0 0 0 1961.0868
4 0  0  0 -0.5 0.86603 0 60 4500
4 0  0  0.25 -0.43301 -0.86603 30 -60 2616.2264
4 0  0  0.5 -0.86603 0 30 0 1785.6542
4 0  0  0.25 -0.43301 0.86603 30 60 4500
4 -4  0  -0.4828 -0.13 -0.86603 -30 -60 3052.8902
4 -4  0  -0.96561 -0.26 0 -30 0 2037.6174
4 -4  0  -0.4828 -0.13 0.86603 -30 60 4500
4 -4  0  -0.35312 -0.35398 -0.86603 0 -60 3176.5617
4 -4  0  -0.70624 -0.70797 0 0 0 2203.3069
4 -4  0  -0.35312 -0.35398 0.86603 0 60 4500
4 -4  0  -0.12882 -0.48312 -0.86603 30 -60 3076.9934
4 -4  0  -0.25764 -0.96624 0 30 0 2104.7351
4 -4  0  -0.12882 -0.48312 0.86603 30 60 4500
4 -8  0  -0.49916 0.028982 -0.86603 -30 -60 3333.6546
4 -8  0  -0.99832 0.057965 0 -30 0 2324.607
4 -8  0  -0.49916 0.028982 0.86603 -30 60 4500
4 -8  0  -0.44678 -0.22448 -0.86603 0 -60 3815.3581
4 -8  0  -0.89355 -0.44896 0 0 0 3030.6702
4 -8  0  -0.44678 -0.22448 0.86603 0 60 4500
4 -8  0  -0.27468 -0.41779 -0.86603 30 -60 3361.6802
4 -8  0  -0.54936 -0.83559 0 30 0 2391.044
4 -8  0  -0.27468 -0.41779 0.86603 30 60 5449.4089
4 -12  0  -0.49012 0.09892 -0.86603 -30 -60 3796.3762
4 -12  0  -0.98023 0.19784 0 -30 0 2808.2903
4 -12  0  -0.49012 0.09892 0.86603 -30 60 6240.2904
4 -12  0  -0.47391 -0.15939 -0.86603 0 -60 4500
4 -12  0  -0.94783 -0.31878 0 0 0 3586.7823
4 -12  0  -0.47391 -0.15939 0.86603 0 60 4911.9524
4 -12  0  -0.33073 -0.37499 -0.86603 30 -60 3130.8363
4 -12  0  -0.66145 -0.74999 0 30 0 2274.4703
4 -12  0  -0.33073 -0.37499 0.86603 30 60 6836.5833
0 12  0  0.43301 -0.25 -0.86603 -30 -60 3446.7759
0 12  0  0.86603 -0.5 0 -30 0 2363.8633
0 12  0  0.43301 -0.25 0.86603 -30 60 7403.8066
0 12  0  0.5 0 -0.86603 0 -60 4207.9796
0 12  0  1 0 0 0 0 3629.9498
0 12  0  0.5 0 0.86603 0 60 5119.9988
0 12  0  0.43301 0.25 -0.86603 30 -60 3794.9073
0 12  0  0.86603 0.5 0 30 0 2799.2647
0 12  0  0.43301 0.25 0.86603 30 60 6143.9531
0 8  0  0.43301 -0.25 -0.86603 -30 -60 3253.1879
0 8  0  0.86603 -0.5 0 -30 0 2394.8289
0 8  0  0.43301 -0.25 0.86603 -30 60 5488.3315
0 8  0  0.5 0 -0.86603 0 -60 3577.0654
0 8  0  1 0 0 0 0 2652.4226
0 8  0  0.5 0 0.86603 0 60 4500
0 8  0  0.43301 0.25 -0.86603 30 -60 3389.5402
0 8  0  0.86603 0.5 0 30 0 2315.1314
0 8  0  0.43301 0.25 0.86603 30 60 4500
0 4  0  0.43301 -0.25 -0.86603 -30 -60 2835.8022
0 4  0  0.86603 -0.5 0 -30 0 1718.3249
0 4  0  0.43301 -0.25 0.86603 -30 60 4500
0 4  0  0.5 0 -0.86603 0 -60 2986.9214
0 4  0  1 0 0 0 0 1998.8232
0 4  0  0.5 0 0.86603 0 60 4500
0 4  0  0.43301 0.25 -0.86603 30 -60 2778.1925
0 4  0  0.86603 0.5 0 30 0 1848.9047
0 4  0  0.43301 0.25 0.86603 30 60 4500
0 -4  0  -0.43301 0.25 -0.86603 -30 -60 1779.9179
0 -4  0  -0.86603 0.5 0 -30 0 1843.3945
0 -4  0  -0.43301 0.25 0.86603 -30 60 2900.4165
0 -4  0  -0.5 0 -0.86603 0 -60 1961.0868
0 -4  0  -1 0 0 0 0 1909.1365
0 -4  0  -0.5 0 0.86603 0 60 2616.2264
0 -4  0  -0.43301 -0.25 -0.86603 30 -60 1785.6542
0 -4  0  -0.86603 -0.5 0 30 0 1884.8833
0 -4  0  -0.43301 -0.25 0.86603 30 60 3052.8902
0 -8  0  -0.43301 0.25 -0.86603 -30 -60 2037.6174
0 -8  0  -0.86603 0.5 0 -30 0 2221.9541
0 -8  0  -0.43301 0.25 0.86603 -30 60 3176.5617
0 -8  0  -0.5 0 -0.86603 0 -60 2203.3069
0 -8  0  -1 0 0 0 0 2668.9872
0 -8  0  -0.5 0 0.86603 0 60 3076.9934
0 -8  0  -0.43301 -0.25 -0.86603 30 -60 2104.7351
0 -8  0  -0.86603 -0.5 0 30 0 2240.4249
0 -8  0  -0.43301 -0.25 0.86603 30 60 3333.6546
0 -12  0  -0.43301 0.25 -0.86603 -30 -60 2324.607
0 -12  0  -0.86603 0.5 0 -30 0 2651.5661
0 -12  0  -0.43301 0.25 0.86603 -30 60 3815.3581
0 -12  0  -0.5 0 -0.86603 0 -60 3030.6702
0 -12  0  -1 0 0 0 0 3271.8055
0 -12  0  -0.5 0 0.86603 0 60 3361.6802
0 -12  0  -0.43301 -0.25 -0.86603 30 -60 2391.044
0 -12  0  -0.86603 -0.5 0 30 0 2718.4584
0 -12  0  -0.43301 -0.25 0.86603 30 60 3796.3762
-4 12  0  0.49012 -0.09892 -0.86603 -30 -60 3446.7759
-4 12  0  0.98023 -0.19784 0 -30 0 2363.8633
-4 12  0  0.49012 -0.09892 0.86603 -30 60 7403.8066
-4 12  0  0.47391 0.15939 -0.86603 0 -60 4207.9796
-4 12  0  0.94783 0.31878 0 0 0 3629.9498
-4 12  0  0.47391 0.15939 0.86603 0 60 5119.9988
-4 12  0  0.33073 0.37499 -0.86603 30 -60 3685.3237
-4 12  0  0.66145 0.74999 0 30 0 2799.2647
-4 12  0  0.33073 0.37499 0.86603 30 60 6143.9531
-4 8  0  0.49916 -0.028982 -0.86603 -30 -60 3253.1879
-4 8  0  0.99832 -0.057965 0 -30 0 2394.8289
-4 8  0  0.49916 -0.028982 0.86603 -30 60 5488.3315
-4 8  0  0.44678 0.22448 -0.86603 0 -60 3577.0654
-4 8  0  0.89355 0.44896 0 0 0 2652.4226
-4 8  0  0.44678 0.22448 0.86603 0 60 4500
-4 8  0  0.27468 0.41779 -0.86603 30 -60 3389.5402
-4 8  0  0.54936 0.83559 0 30 0 2315.1314
-4 8  0  0.27468 0.41779 0.86603 30 60 4500
-4 4  0  0.4828 0.13 -0.86603 -30 -60 2835.8022
-4 4  0  0.96561 0.26 0 -30 0 1718.3249
-4 4  0  0.4828 0.13 0.86603 -30 60 4500
-4 4  0  0.35312 0.35398 -0.86603 0 -60 2986.9214
-4 4  0  0.70624 0.70797 0 0 0 1998.8232
-4 4  0  0.35312 0.35398 0.86603 0 60 4500
-4 4  0  0.12882 0.48312 -0.86603 30 -60 2778.1925
-4 4  0  0.25764 0.96624 0 30 0 1848.9047
-4 4  0  0.12882 0.48312 0.86603 30 60 4500
-4 0  0  0.25 0.43301 -0.86603 -30 -60 2711.6534
-4 0  0  0.5 0.86603 0 -30 0 1779.9179
-4 0  0  0.25 0.43301 0.86603 -30 60 1843.3945
-4 0  0  0 0.5 -0.86603 0 -60 2900.4165
-4 0  0  0 1 0 0 0 1961.0868
-4 0  0  0 0.5 0.86603 0 60 1909.1365
-4 0  0  -0.25 0.43301 -0.86603 30 -60 2616.2264
-4 0  0  -0.5 0.86603 0 30 0 1785.6542
-4 0  0  -0.25 0.43301 0.86603 30 60 1884.8833
-4 -4  0  -0.12882 0.48312 -0.86603 -30 -60 3052.8902
-4 -4  0  -0.25764 0.96624 0 -30 0 2037.6174
-4 -4  0  -0.12882 0.48312 0.86603 -30 60 2221.9541
-4 -4  0  -0.35312 0.35398 -0.86603 0 -60 3176.5617
-4 -4  0  -0.70624 0.70797 0 0 0 2203.3069
-4 -4  0  -0.35312 0.35398 0.86603 0 60 2668.9872
-4 -4  0  -0.4828 0.13 -0.86603 30 -60 3076.9934
-4 -4  0  -0.96561 0.26 0 30 0 2104.7351
-4 -4  0  -0.4828 0.13 0.86603 30 60 2240.4249
-4 -8  0  -0.27468 0.41779 -0.86603 -30 -60 3333.6546
-4 -8  0  -0.54936 0.83559 0 -30 0 2324.607
-4 -8  0  -0.27468 0.41779 0.86603 -30 60 2651.5661
-4 -8  0  -0.44678 0.22448 -0.86603 0 -60 3815.3581
-4 -8  0  -0.89355 0.44896 0 0 0 2822.0901
-4 -8  0  -0.44678 0.22448 0.86603 0 60 3271.8055
-4 -8  0  -0.49916 -0.028982 -0.86603 30 -60 3361.6802
-4 -8  0  -0.99832 -0.057965 0 30 0 2391.044
-4 -8  0  -0.49916 -0.028982 0.86603 30 60 2718.4584
-4 -12  0  -0.33073 0.37499 -0.86603 -30 -60 3615.0509
-4 -12  0  -0.66145 0.74999 0 -30 0 2808.2903
-4 -12  0  -0.33073 0.37499 0.86603 -30 60 6240.2904
-4 -12  0  -0.47391 0.15939 -0.86603 0 -60 4197.9424
-4 -12  0  -0.94783 0.31878 0 0 0 3586.7823
-4 -12  0  -0.47391 0.15939 0.86603 0 60 4911.9524
-4 -12  0  -0.49012 -0.09892 -0.86603 30 -60 3130.8363
-4 -12  0  -0.98023 -0.19784 0 30 0 2274.4703
-4 -12  0  -0.49012 -0.09892 0.86603 30 60 6836.5833
-8 12  0  0.49875 0.035377 -0.86603 -30 -60 3446.7759
-8 12  0  0.99749 0.070754 0 -30 0 2363.8633
-8 12  0  0.49875 0.035377 0.86603 -30 60 7403.8066
-8 12  0  0.41424 0.28001 -0.86603 0 -60 4207.9796
-8 12  0  0.82848 0.56002 0 0 0 3629.9498
-8 12  0  0.41424 0.28001 0.86603 0 60 5119.9988
-8 8  0  0.48232 0.13177 -0.86603 -30 -60 3253.1879
-8 8  0  0.96465 0.26354 0 -30 0 2394.8289
-8 8  0  0.48232 0.13177 0.86603 -30 60 5488.3315
-8 8  0  0.35182 0.35528 -0.86603 0 -60 3577.0654
-8 8  0  0.70364 0.71056 0 0 0 2652.4226
-8 8  0  0.35182 0.35528 0.86603 0 60 4500
-8 8  0  0.12705 0.48359 -0.86603 30 -60 3389.5402
-8 8  0  0.25409 0.96718 0 30 0 2315.1314
-8 8  0  0.12705 0.48359 0.86603 30 60 4500
-8 4  0  0.41645 0.27672 -0.86603 -30 -60 2835.8022
-8 4  0  0.83289 0.55343 0 -30 0 1718.3249
-8 4  0  0.41645 0.27672 0.86603 -30 60 4500
-8 4  0  0.2223 0.44787 -0.86603 0 -60 2986.9214
-8 4  0  0.44459 0.89573 0 0 0 1998.8232
-8 4  0  0.2223 0.44787 0.86603 0 60 4500
-8 4  0  -0.03142 0.49901 -0.86603 30 -60 2778.1925
-8 4  0  -0.06284 0.99802 0 30 0 1848.9047
-8 4  0  -0.03142 0.49901 0.86603 30 60 4500
-8 0  0  0.25 0.43301 -0.86603 -30 -60 2711.6534
-8 0  0  0.5 0.86603 0 -30 0 1779.9179
-8 0  0  0.25 0.43301 0.86603 -30 60 1843.3945
-8 0  0  0 0.5 -0.86603 0 -60 2900.4165
-8 0  0  0 1 0 0 0 1961.0868
-8 0  0  0 0.5 0.86603 0 60 1909.1365
-8 0  0  -0.25 0.43301 -0.86603 30 -60 2616.2264
-8 0  0  -0.5 0.86603 0 30 0 1785.6542
-8 0  0  -0.25 0.43301 0.86603 30 60 1884.8833
-8 -4  0  0.03142 0.49901 -0.86603 -30 -60 3052.8902
-8 -4  0  0.06284 0.99802 0 -30 0 2037.6174
-8 -4  0  0.03142 0.49901 0.86603 -30 60 2221.9541
-8 -4  0  -0.2223 0.44787 -0.86603 0 -60 3176.5617
-8 -4  0  -0.44459 0.89573 0 0 0 2203.3069
-8 -4  0  -0.2223 0.44787 0.86603 0 60 2668.9872
-8 -4  0  -0.41645 0.27672 -0.86603 30 -60 3076.9934
-8 -4  0  -0.83289 0.55343 0 30 0 2104.7351
-8 -4  0  -0.41645 0.27672 0.86603 30 60 2240.4249
-8 -8  0  -0.12705 0.48359 -0.86603 -30 -60 3333.6546
-8 -8  0  -0.25409 0.96718 0 -30 0 2324.607
-8 -8  0  -0.12705 0.48359 0.86603 -30 60 2651.5661
-8 -8  0  -0.35182 0.35528 -0.86603 0 -60 3815.3581
-8 -8  0  -0.70364 0.71056 0 0 0 2822.0901
-8 -8  0  -0.35182 0.35528 0.86603 0 60 3271.8055
-8 -8  0  -0.48232 0.13177 -0.86603 30 -60 3361.6802
-8 -8  0  -0.96465 0.26354 0 30 0 2391.044
-8 -8  0  -0.48232 0.13177 0.86603 30 60 2718.4584
-8 -12  0  -0.41424 0.28001 -0.86603 0 -60 4197.9424
-8 -12  0  -0.82848 0.56002 0 0 0 3586.7823
-8 -12  0  -0.41424 0.28001 0.86603 0 60 4911.9524
-8 -12  0  -0.49875 0.035377 -0.86603 30 -60 3130.8363
-8 -12  0  -0.99749 0.070754 0 30 0 2274.4703
-8 -12  0  -0.49875 0.035377 0.86603 30 60 6836.5833
-12 12  0  0.4815 0.13474 0.86603 -30 60 7403.8066
-12 12  0  0.34963 0.35744 -0.86603 0 -60 4207.9796
-12 12  0  0.69925 0.71487 0 0 0 3629.9498
-12 12  0  0.34963 0.35744 0.86603 0 60 5119.9988
-12 8  0  0.44635 0.22532 -0.86603 -30 -60 3253.1879
-12 8  0  0.8927 0.45064 0 -30 0 2394.8289
-12 8  0  0.44635 0.22532 0.86603 -30 60 5488.3315
-12 8  0  0.27389 0.41831 -0.86603 0 -60 3577.0654
-12 8  0  0.54778 0.83662 0 0 0 2652.4226
-12 8  0  0.27389 0.41831 0.86603 0 60 4500
-12 4  0  0.37256 0.33347 -0.86603 -30 -60 2835.8022
-12 4  0  0.74511 0.66694 0 -30 0 1718.3249
-12 4  0  0.37256 0.33347 0.86603 -30 60 4500
-12 4  0  0.15591 0.47507 -0.86603 0 -60 2986.9214
-12 4  0  0.31182 0.95014 0 0 0 1998.8232
-12 4  0  0.15591 0.47507 0.86603 0 60 4500
-12 4  0  -0.10252 0.48938 -0.86603 30 -60 2778.1925
-12 4  0  -0.20503 0.97876 0 30 0 1848.9047
-12 4  0  -0.10252 0.48938 0.86603 30 60 4500
-12 0  0  0.25 0.43301 -0.86603 -30 -60 2711.6534
-12 0  0  0.5 0.86603 0 -30 0 1779.9179
-12 0  0  0.25 0.43301 0.86603 -30 60 2924.8234
-12 0  0  0 0.5 -0.86603 0 -60 2900.4165
-12 0  0  0 1 0 0 0 1961.0868
-12 0  0  0 0.5 0.86603 0 60 1909.1365
-12 0  0  -0.25 0.43301 -0.86603 30 -60 2616.2264
-12 0  0  -0.5 0.86603 0 30 0 1785.6542
-12 -4  0  0.10252 0.48938 -0.86603 -30 -60 3052.8902
-12 -4  0  0.20503 0.97876 0 -30 0 2037.6174
-12 -4  0  0.10252 0.48938 0.86603 -30 60 3971.9624
-12 -4  0  -0.15591 0.47507 -0.86603 0 -60 3176.5617
-12 -4  0  -0.31182 0.95014 0 0 0 2203.3069
-12 -4  0  -0.15591 0.47507 0.86603 0 60 2668.9872
-12 -4  0  -0.37256 0.33347 -0.86603 30 -60 3076.9934
-12 -4  0  -0.74511 0.66694 0 30 0 2104.7351
-12 -4  0  -0.37256 0.33347 0.86603 30 60 2727.6343
-12 -8  0  -0.27389 0.41831 -0.86603 0 -60 3815.3581
-12 -8  0  -0.54778 0.83662 0 0 0 2822.0901
-12 -8  0  -0.27389 0.41831 0.86603 0 60 3524.2618
-12 -8  0  -0.44635 0.22532 -0.86603 30 -60 3361.6802
-12 -8  0  -0.8927 0.45064 0 30 0 2391.044
-12 -12  0  -0.34963 0.35744 -0.86603 0 -60 4197.9424
-12 -12  0  -0.69925 0.71487 0 0 0 3586.7823
-12 -12  0  -0.34963 0.35744 0.86603 0 60 5514.0523
-12 -12  0  -0.4815 0.13474 0.86603 30 60 7136.4823
