[HEADER]
  GEAR_NOMINAL_VEL = 1.000000
  SAMPLING_MODE = CARTESIAN
  CRC = 4230818067
[RECORDS]
+0.000000 +0.000000 +0.000000 +0.000000 -90.000000 +0.000000 +90.000000 +22 +50
+0.200000 +0.000000 -52.000000 +0.000000 -90.000000 +25.000000 +90.000000 +22 +50
+0.400000 +0.000000 -208.000000 +0.000000 -90.000000 +25.000000 +90.000000 +22 +50
+0.600000 +0.000000 -468.000000 +0.000000 -90.000000 +25.000000 +90.000000 +22 +50
+0.800000 +0.000000 -832.000000 +0.000000 -90.000000 +25.000000 +90.000000 +22 +50
+1.000000 +0.000000 -1300.000000 +0.000000 -90.000000 +25.000000 +90.000000 +22 +50
+1.200000 +0.000000 -1872.000000 +0.000000 -90.000000 +25.000000 +90.000000 +22 +50
+1.400000 +0.000000 -2548.000000 +0.000000 -90.000000 +25.000000 +90.000000 +22 +50
+1.600000 +0.000000 -3328.000000 +0.000000 -90.000000 +25.000000 +90.000000 +22 +50
+1.800000 +0.000000 -4212.000000 +0.000000 -90.000000 +25.000000 +90.000000 +22 +50
+2.000000 +0.000000 -5200.000000 +0.000000 -90.000000 +25.000000 +90.000000 +22 +50
+2.200000 +0.000000 -6292.000000 +0.000000 -90.000000 +25.000000 +90.000000 +22 +50
+2.400000 +0.000000 -7488.000000 +0.000000 -90.000000 +25.000000 +90.000000 +22 +50
+2.600000 +0.000000 -8788.000000 +0.000000 -90.000000 +25.000000 +90.000000 +22 +50
+2.800000 +0.000000 -10192.000000 +0.000000 -90.000000 +25.000000 +90.000000 +22 +50
+3.000000 +0.000000 -11700.000000 +0.000000 -90.000000 +25.000000 +90.000000 +22 +50
+3.200000 +0.000000 -13312.000000 +0.000000 -90.000000 +25.000000 +90.000000 +22 +50
[END]


true
stable state found
Calculation time[s] 325.417405
LimitWaterLVL[m] 0.400000
WaterLVL at time zero[m] -0.061623
Timestep[s] | HighestPointXYZ[m] | AngleToY[°] | Distance[m] | AngleX[°] | AngleY[°]
0.000000 0.002589 -0.063194 0.000000 177.653506 0.400000 -0.058638 -0.008053
0.200000 0.031200 0.010816 0.008342 70.880046 0.341777 -25.313319 16.492950
0.400000 0.029038 0.014990 0.005109 62.696065 0.345621 -31.856468 15.699139
0.600000 0.032950 0.014263 0.015175 66.593822 0.334844 -17.511324 13.921264
0.800000 0.026651 0.019364 0.002031 53.999121 0.349419 -36.663517 17.863381
1.000000 0.033287 0.010270 0.019987 72.853302 0.330341 -13.413026 11.075446
1.200000 0.026652 0.019360 0.002031 54.004954 0.349419 -39.527166 20.727161
1.400000 0.033651 0.006190 0.019731 79.577039 0.330419 -12.046190 9.160519
1.600000 0.021684 0.029330 0.008481 36.476566 0.345673 -39.224366 22.166769
1.800000 0.029042 0.021720 0.017530 53.208212 0.334362 -13.392950 8.819773
2.000000 0.023066 0.025770 0.007870 41.830333 0.345643 -36.699275 21.755673
2.200000 0.029042 0.021720 0.017530 53.208212 0.334362 -16.470379 9.591543
2.400000 0.026426 0.026210 0.009841 45.235012 0.342436 -32.796916 19.532407
2.600000 0.026202 0.025580 0.014695 45.688307 0.338132 -20.583683 13.535902
2.800000 0.029710 0.010900 0.004867 69.852806 0.345557 -28.291288 14.027070
3.000000 0.028731 0.018200 0.013769 57.647020 0.337902 -24.694451 20.556350