[HEADER]
  GEAR_NOMINAL_VEL = 1.000000
  CRC = 4230818067
[RECORDS]
  +0.000000 +136.632200 -57.625700 +129.484200 -152.168900 +73.840900 +81.641500
  +0.049000 +137.090500 -57.528600 +129.136100 -150.639400 +73.838300 +81.100500
  +0.098000 +137.443800 -57.434100 +128.802800 -149.211900 +73.847500 +80.588200
  +0.146900 +137.610700 -57.353100 +128.523800 -147.980700 +73.874200 +80.146900
  +0.195900 +137.524700 -57.296200 +128.335200 -147.020800 +73.922700 +79.812600
  +0.244900 +137.137800 -57.271900 +128.265000 -146.383200 +73.994300 +79.612200
  +0.293900 +136.412700 -57.285700 +128.330900 -146.108200 +74.087600 +79.564500
  +0.342900 +135.321800 -57.338900 +128.536700 -146.224100 +74.198200 +79.677900
  +0.391800 +133.845500 -57.428000 +128.870400 -146.749700 +74.317800 +79.950400
  +0.440800 +131.971300 -57.545000 +129.303800 -147.695200 +74.433900 +80.370000
  +0.489800 +129.694700 -57.677600 +129.792800 -149.061900 +74.528700 +80.915800
  +0.538800 +127.020400 -57.810000 +130.279000 -150.841700 +74.577800 +81.560600
  +0.587800 +123.964600 -57.924600 +130.692400 -153.015700 +74.549200 +82.274800
  +0.636700 +120.558300 -58.002500 +130.955500 -155.552200 +74.403700 +83.031200
  +0.685700 +116.849000 -58.024300 +130.988500 -158.405900 +74.097300 +83.810300
  +0.734700 +112.901800 -57.970200 +130.714700 -161.517400 +73.585500 +84.604100
  +0.783700 +108.798900 -57.819600 +130.066600 -164.814300 +72.829900 +85.418800
  +0.832700 +104.636200 -57.551500 +128.991700 -168.214800 +71.805400 +86.272700
  +0.881600 +100.516200 -57.144900 +127.456200 -171.632700 +70.505000 +87.189900
  +0.930600 +96.542200 -56.579900 +125.444400 -174.982200 +68.938400 +88.192800
  +0.979600 +92.810700 -55.840400 +122.960200 -178.182400 +67.130100 +89.293400
  +1.028600 +89.403500 -54.924100 +120.046600 -181.162700 +65.127000 +90.489300
  +1.077600 +86.367900 -53.865500 +116.835200 -183.878900 +63.022900 +91.761800
  +1.126500 +83.720000 -52.714300 +113.478100 -186.306400 +60.911800 +93.075400
  +1.175500 +81.453800 -51.524600 +110.117300 -188.431900 +58.868900 +94.382400
  +1.224500 +79.549300 -50.350200 +106.881900 -190.247700 +56.954100 +95.630400
  +1.273500 +77.978600 -49.241000 +103.882100 -191.749900 +55.211700 +96.767800
  +1.322400 +76.709400 -48.237700 +101.203800 -192.939800 +53.672100 +97.751000
  +1.371400 +75.706400 -47.369600 +98.903700 -193.827900 +52.352000 +98.550100
  +1.420400 +74.932100 -46.651200 +97.004500 -194.438200 +51.253800 +99.154000
  +1.469400 +74.345800 -46.080600 +95.491200 -194.811200 +50.364600 +99.574200
  +1.518400 +73.902800 -45.637800 +94.308300 -195.006900 +49.654100 +99.845800
  +1.567300 +73.551600 -45.284900 +93.357800 -195.106000 +49.072400 +100.028200
  +1.616300 +73.237900 -44.968400 +92.506100 -195.202200 +48.552300 +100.196800
  +1.665300 +72.916600 -44.634500 +91.621800 -195.377700 +48.027700 +100.422000
  +1.714300 +72.562400 -44.244800 +90.613200 -195.682900 +47.452700 +100.749800
  +1.763300 +72.164500 -43.777200 +89.428300 -196.142700 +46.802400 +101.206800
  +1.812200 +71.723900 -43.223100 +88.048700 -196.760500 +46.068900 +101.802000
  +1.861200 +71.250500 -42.586200 +86.484700 -197.523000 +45.259400 +102.530200
  +1.910200 +70.759800 -41.880500 +84.771400 -198.403000 +44.392900 +103.373500
  +1.959200 +70.270800 -41.129200 +82.964300 -199.363600 +43.497500 +104.302200
  +2.008200 +69.802700 -40.362600 +81.134900 -200.360000 +42.607800 +105.276700
  +2.057100 +69.373500 -39.616200 +79.365100 -201.342000 +41.761300 +106.249000
  +2.106100 +68.998500 -38.927000 +77.739700 -202.257900 +40.995400 +107.166000
  +2.155100 +68.689200 -38.330200 +76.338200 -203.057700 +40.343400 +107.974700
  +2.204100 +68.452400 -37.854400 +75.224600 -203.699600 +39.830600 +108.628700
  +2.253100 +68.289200 -37.516100 +74.434800 -204.157900 +39.469700 +109.098500
  +2.302000 +68.194900 -37.316100 +73.968600 -204.429200 +39.257600 +109.377700
  +2.351000 +68.155300 -37.230500 +73.769400 -204.544600 +39.167000 +109.496900
  +2.400000 +68.149600 -37.217700 +73.739600 -204.560400 +39.153200 +109.513600
[END]
