[HEADER]
  GEAR_NOMINAL_VEL = 1.000000
  CRC = 4230818067
[RECORDS]
+0.000000 +145.176400 -55.947880 +120.268300 -122.112200 +75.694330 +68.478990
+0.014103 +145.176400 -55.947880 +120.268300 -122.112200 +75.694330 +68.478990
+0.028205 +145.176400 -55.947880 +120.268300 -122.112200 +75.694330 +68.479010
+0.042308 +145.176300 -55.947900 +120.268400 -122.112200 +75.694320 +68.479040
+0.056410 +145.176200 -55.947930 +120.268500 -122.112400 +75.694320 +68.479130
+0.070513 +145.176000 -55.948000 +120.268700 -122.112600 +75.694310 +68.479290
+0.084615 +145.175700 -55.948120 +120.269000 -122.113000 +75.694300 +68.479580
+0.098718 +145.175100 -55.948320 +120.269600 -122.113600 +75.694270 +68.480020
+0.112821 +145.174200 -55.948600 +120.270400 -122.114600 +75.694240 +68.480690
+0.126923 +145.173000 -55.949010 +120.271600 -122.115900 +75.694190 +68.481630
+0.141026 +145.171300 -55.949560 +120.273100 -122.117700 +75.694120 +68.482920
+0.155128 +145.169100 -55.950290 +120.275200 -122.120100 +75.694030 +68.484630
+0.169231 +145.166300 -55.951240 +120.277900 -122.123200 +75.693920 +68.486830
+0.183333 +145.162700 -55.952440 +120.281300 -122.127200 +75.693770 +68.489630
+0.197436 +145.158200 -55.953930 +120.285600 -122.132100 +75.693590 +68.493100
+0.211538 +145.152700 -55.955760 +120.290800 -122.138100 +75.693370 +68.497370
+0.225641 +145.146000 -55.957970 +120.297100 -122.145400 +75.693100 +68.502530
+0.239744 +145.138000 -55.960620 +120.304600 -122.154100 +75.692780 +68.508700
+0.253846 +145.128600 -55.963750 +120.313600 -122.164400 +75.692400 +68.516010
+0.267949 +145.117500 -55.967430 +120.324100 -122.176600 +75.691950 +68.524590
+0.282051 +145.104600 -55.971710 +120.336200 -122.190700 +75.691430 +68.534570
+0.296154 +145.089600 -55.976650 +120.350300 -122.207000 +75.690840 +68.546100
+0.310256 +145.072500 -55.982310 +120.366500 -122.225700 +75.690150 +68.559330
+0.324359 +145.052900 -55.988770 +120.384900 -122.247100 +75.689370 +68.574420
+0.338462 +145.030700 -55.996090 +120.405800 -122.271400 +75.688490 +68.591530
+0.352564 +145.005600 -56.004340 +120.429300 -122.298800 +75.687500 +68.610830
+0.366667 +144.977400 -56.013600 +120.455800 -122.329600 +75.686380 +68.632510
+0.380769 +144.945800 -56.023940 +120.485300 -122.364100 +75.685150 +68.656750
+0.394872 +144.910600 -56.035450 +120.518200 -122.402500 +75.683770 +68.683730
+0.408974 +144.871600 -56.048190 +120.554600 -122.445200 +75.682250 +68.713650
+0.423077 +144.828300 -56.062260 +120.594800 -122.492400 +75.680580 +68.746710
+0.437179 +144.780600 -56.077730 +120.639100 -122.544500 +75.678750 +68.783100
+0.451282 +144.728100 -56.094670 +120.687600 -122.601700 +75.676750 +68.823030
+0.465385 +144.670700 -56.113170 +120.740500 -122.664400 +75.674580 +68.866670
+0.479487 +144.607900 -56.133280 +120.798200 -122.732900 +75.672230 +68.914230
+0.493590 +144.539600 -56.155090 +120.860800 -122.807500 +75.669700 +68.965880
+0.507692 +144.465400 -56.178660 +120.928400 -122.888500 +75.666970 +69.021800
+0.521795 +144.385000 -56.204050 +121.001400 -122.976100 +75.664050 +69.082170
+0.535897 +144.298200 -56.231320 +121.079800 -123.070800 +75.660940 +69.147170
+0.550000 +144.204600 -56.260540 +121.163900 -123.172800 +75.657620 +69.216970
+0.564103 +144.104000 -56.291740 +121.253800 -123.282500 +75.654110 +69.291720
+0.578205 +143.996000 -56.324990 +121.349700 -123.400200 +75.650400 +69.371600
+0.592308 +143.880400 -56.360320 +121.451800 -123.526100 +75.646480 +69.456750
+0.606410 +143.756800 -56.397770 +121.560100 -123.660700 +75.642370 +69.547310
+0.620513 +143.624900 -56.437380 +121.674800 -123.804200 +75.638060 +69.643440
+0.634615 +143.484600 -56.479170 +121.796100 -123.957000 +75.633570 +69.745230
+0.648718 +143.335400 -56.523130 +121.923800 -124.119300 +75.628880 +69.852770
+0.662821 +143.177100 -56.569280 +122.058200 -124.291400 +75.624020 +69.966130
+0.676923 +143.009600 -56.617600 +122.199100 -124.473500 +75.618990 +70.085370
+0.691026 +142.832500 -56.668070 +122.346500 -124.666000 +75.613800 +70.210540
+0.705128 +142.645600 -56.720670 +122.500500 -124.869000 +75.608460 +70.341670
+0.719231 +142.448600 -56.775360 +122.661700 -125.082700 +75.602980 +70.478760
+0.733333 +142.241500 -56.832100 +122.828500 -125.307500 +75.597370 +70.621820
+0.747436 +142.023900 -56.890840 +123.001600 -125.543400 +75.591650 +70.770800
+0.761539 +141.795700 -56.951480 +123.180800 -125.790700 +75.585810 +70.925640
+0.775641 +141.556700 -57.013970 +123.365900 -126.049500 +75.579880 +71.086260
+0.789744 +141.306900 -57.078200 +123.556700 -126.319900 +75.573870 +71.252560
+0.803846 +141.046100 -57.144090 +123.752900 -126.602000 +75.567780 +71.424420
+0.817949 +140.774200 -57.211510 +123.954300 -126.895900 +75.561630 +71.601710
+0.832051 +140.491200 -57.280340 +124.160600 -127.201600 +75.555410 +71.784190
+0.846154 +140.197300 -57.350370 +124.371100 -127.518700 +75.549150 +71.971500
+0.860256 +139.892800 -57.421420 +124.585400 -127.847100 +75.542860 +72.163270
+0.874359 +139.578000 -57.493300 +124.802900 -128.186300 +75.536520 +72.359130
+0.888462 +139.253100 -57.565820 +125.023100 -128.536100 +75.530150 +72.558720
+0.902564 +138.918400 -57.638790 +125.245500 -128.896100 +75.523740 +72.761640
+0.916667 +138.574200 -57.712020 +125.469600 -129.266000 +75.517270 +72.967510
+0.930769 +138.221000 -57.785330 +125.694700 -129.645300 +75.510750 +73.175930
+0.944872 +137.859000 -57.858540 +125.920300 -130.033600 +75.504140 +73.386510
+0.958974 +137.488600 -57.931470 +126.146000 -130.430500 +75.497440 +73.598840
+0.973077 +137.110300 -58.003960 +126.371200 -130.835600 +75.490610 +73.812570
+0.987179 +136.724400 -58.075850 +126.595500 -131.248300 +75.483630 +74.027300
+1.001282 +136.331400 -58.146980 +126.818300 -131.668300 +75.476460 +74.242700
+1.015385 +135.931600 -58.217220 +127.039200 -132.095000 +75.469060 +74.458410
+1.029487 +135.525500 -58.286450 +127.257800 -132.528000 +75.461390 +74.674110
+1.043590 +135.113300 -58.354530 +127.473800 -132.967000 +75.453410 +74.889500
+1.057692 +134.695700 -58.421370 +127.686600 -133.411400 +75.445080 +75.104280
+1.071795 +134.272900 -58.486850 +127.896100 -133.860800 +75.436330 +75.318150
+1.085897 +133.845400 -58.550880 +128.101700 -134.314700 +75.427120 +75.530830
+1.100000 +133.413800 -58.613370 +128.303200 -134.772500 +75.417400 +75.742030
+1.114103 +132.978300 -58.674230 +128.500300 -135.233800 +75.407110 +75.951520
+1.128205 +132.539600 -58.733400 +128.692700 -135.698100 +75.396200 +76.159080
+1.142308 +132.097900 -58.790830 +128.880300 -136.165100 +75.384620 +76.364500
+1.156410 +131.653700 -58.846470 +129.062700 -136.634200 +75.372310 +76.567600
+1.170513 +131.207300 -58.900280 +129.239800 -137.105100 +75.359210 +76.768220
+1.184615 +130.759300 -58.952230 +129.411500 -137.577200 +75.345280 +76.966200
+1.198718 +130.309900 -59.002280 +129.577600 -138.050300 +75.330470 +77.161400
+1.212821 +129.859500 -59.050430 +129.737900 -138.523900 +75.314720 +77.353700
+1.226923 +129.408600 -59.096660 +129.892400 -138.997600 +75.298000 +77.542990
+1.241026 +128.957300 -59.140990 +130.041100 -139.471300 +75.280250 +77.729300
+1.255128 +128.505500 -59.183440 +130.184100 -139.945000 +75.261410 +77.912670
+1.269231 +128.053300 -59.224050 +130.321300 -140.418700 +75.241430 +78.093160
+1.283333 +127.600600 -59.262850 +130.452800 -140.892400 +75.220250 +78.270840
+1.297436 +127.147500 -59.299850 +130.578600 -141.366000 +75.197830 +78.445750
+1.311538 +126.694100 -59.335080 +130.698800 -141.839600 +75.174100 +78.617950
+1.325641 +126.240300 -59.368570 +130.813400 -142.313100 +75.149010 +78.787490
+1.339744 +125.786200 -59.400340 +130.921700 -142.786600 +75.122520 +78.954440
+1.353846 +125.331800 -59.430400 +131.025100 -143.259900 +75.094560 +79.118860
+1.367949 +124.876900 -59.458780 +131.123000 -143.733300 +75.065090 +79.280810
+1.382051 +124.421800 -59.485490 +131.215400 -144.206600 +75.034050 +79.440370
+1.396154 +123.966300 -59.510560 +131.302300 -144.679900 +75.001390 +79.597610
+1.410256 +123.510400 -59.534010 +131.383800 -145.153200 +74.967050 +79.752580
+1.424359 +123.054100 -59.555850 +131.459800 -145.626500 +74.930990 +79.905370
+1.438462 +122.597500 -59.576090 +131.530500 -146.099900 +74.893150 +80.056020
+1.452564 +122.140500 -59.594740 +131.595700 -146.573200 +74.853490 +80.204590
+1.466667 +121.683300 -59.611820 +131.655600 -147.046400 +74.811970 +80.351150
+1.480769 +121.225800 -59.627340 +131.710100 -147.519700 +74.768510 +80.495770
+1.494872 +120.767800 -59.641310 +131.759200 -147.993000 +74.723090 +80.638530
+1.508974 +120.309600 -59.653730 +131.803000 -148.466400 +74.675640 +80.779490
+1.523077 +119.851000 -59.664620 +131.841400 -148.939800 +74.626120 +80.918720
+1.537179 +119.392200 -59.673970 +131.874500 -149.413200 +74.574490 +81.056290
+1.551282 +118.933000 -59.681800 +131.902200 -149.886600 +74.520710 +81.192240
+1.565385 +118.473700 -59.688100 +131.924600 -150.360000 +74.464730 +81.326650
+1.579487 +118.014100 -59.692880 +131.941600 -150.833300 +74.406500 +81.459590
+1.593590 +117.554300 -59.696140 +131.953300 -151.306700 +74.345990 +81.591130
+1.607692 +117.094300 -59.697880 +131.959600 -151.780100 +74.283140 +81.721350
+1.621795 +116.634000 -59.698110 +131.960600 -152.253500 +74.217930 +81.850300
+1.635897 +116.173700 -59.696810 +131.956200 -152.726800 +74.150310 +81.978060
+1.650000 +115.713100 -59.693990 +131.946400 -153.200100 +74.080240 +82.104710
+1.664103 +115.252400 -59.689640 +131.931200 -153.673500 +74.007670 +82.230320
+1.678205 +114.791500 -59.683760 +131.910700 -154.146800 +73.932580 +82.354960
+1.692308 +114.330500 -59.676350 +131.884800 -154.620100 +73.854930 +82.478690
+1.706410 +113.869500 -59.667390 +131.853400 -155.093300 +73.774690 +82.601580
+1.720513 +113.408500 -59.656870 +131.816600 -155.566400 +73.691830 +82.723720
+1.734615 +112.947400 -59.644800 +131.774400 -156.039600 +73.606290 +82.845200
+1.748718 +112.486100 -59.631150 +131.726700 -156.512700 +73.518050 +82.966080
+1.762821 +112.024800 -59.615910 +131.673500 -156.985900 +73.427070 +83.086460
+1.776923 +111.563500 -59.599080 +131.614800 -157.459100 +73.333300 +83.206420
+1.791026 +111.102000 -59.580630 +131.550600 -157.932400 +73.236720 +83.326040
+1.805128 +110.640400 -59.560550 +131.480800 -158.405800 +73.137290 +83.445400
+1.819231 +110.178800 -59.538830 +131.405400 -158.879200 +73.034990 +83.564570
+1.833333 +109.717300 -59.515440 +131.324400 -159.352600 +72.929810 +83.683610
+1.847436 +109.255900 -59.490390 +131.237800 -159.825900 +72.821740 +83.802590
+1.861538 +108.794800 -59.463640 +131.145600 -160.299100 +72.710750 +83.921580
+1.875641 +108.333800 -59.435180 +131.047700 -160.772100 +72.596830 +84.040670
+1.889744 +107.873100 -59.405000 +130.944100 -161.244900 +72.479970 +84.159910
+1.903846 +107.412700 -59.373060 +130.834800 -161.717700 +72.360130 +84.279400
+1.917949 +106.952700 -59.339360 +130.719700 -162.190200 +72.237310 +84.399220
+1.932051 +106.492900 -59.303860 +130.598900 -162.662700 +72.111490 +84.519460
+1.946154 +106.033400 -59.266550 +130.472300 -163.135000 +71.982620 +84.640200
+1.960256 +105.574200 -59.227380 +130.339800 -163.607300 +71.850690 +84.761560
+1.974359 +105.115200 -59.186320 +130.201400 -164.079600 +71.715660 +84.883610
+1.988462 +104.656500 -59.143360 +130.057000 -164.551900 +71.577510 +85.006450
+2.002564 +104.198200 -59.098460 +129.906700 -165.024200 +71.436240 +85.130160
+2.016667 +103.740100 -59.051580 +129.750300 -165.496500 +71.291830 +85.254820
+2.030769 +103.282400 -59.002700 +129.587800 -165.968900 +71.144250 +85.380530
+2.044872 +102.825000 -58.951790 +129.419100 -166.441200 +70.993490 +85.507380
+2.058974 +102.368100 -58.898800 +129.244300 -166.913600 +70.839550 +85.635430
+2.073077 +101.911600 -58.843720 +129.063300 -167.386000 +70.682440 +85.764780
+2.087179 +101.455600 -58.786490 +128.876000 -167.858400 +70.522120 +85.895510
+2.101282 +101.000000 -58.727090 +128.682300 -168.330800 +70.358590 +86.027720
+2.115385 +100.545100 -58.665480 +128.482300 -168.803200 +70.191860 +86.161470
+2.129487 +100.090700 -58.601640 +128.275900 -169.275500 +70.021940 +86.296860
+2.143590 +99.637000 -58.535510 +128.063100 -169.747800 +69.848810 +86.433960
+2.157692 +99.184020 -58.467070 +127.843800 -170.220100 +69.672500 +86.572850
+2.171795 +98.731800 -58.396280 +127.617900 -170.692200 +69.493000 +86.713610
+2.185897 +98.280390 -58.323100 +127.385500 -171.164300 +69.310330 +86.856330
+2.200000 +97.829840 -58.247500 +127.146400 -171.636300 +69.124480 +87.001090
+2.214103 +97.380170 -58.169440 +126.900700 -172.108100 +68.935460 +87.147980
+2.228205 +96.931390 -58.088860 +126.648200 -172.579900 +68.743250 +87.297090
+2.242308 +96.483570 -58.005730 +126.388900 -173.051700 +68.547890 +87.448510
+2.256410 +96.036790 -57.920010 +126.122900 -173.523300 +68.349390 +87.602290
+2.270513 +95.591150 -57.831690 +125.850000 -173.994700 +68.147790 +87.758510
+2.284615 +95.146740 -57.740720 +125.570200 -174.465900 +67.943130 +87.917230
+2.298718 +94.703680 -57.647080 +125.283700 -174.936800 +67.735460 +88.078500
+2.312821 +94.262080 -57.550770 +124.990300 -175.407300 +67.524850 +88.242380
+2.326923 +93.822040 -57.451790 +124.690200 -175.877300 +67.311410 +88.408930
+2.341026 +93.383680 -57.350130 +124.383500 -176.346800 +67.095240 +88.578190
+2.355128 +92.947130 -57.245820 +124.070300 -176.815700 +66.876460 +88.750210
+2.369231 +92.512510 -57.138850 +123.750700 -177.283900 +66.655170 +88.925010
+2.383333 +92.079950 -57.029250 +123.424700 -177.751400 +66.431480 +89.102640
+2.397436 +91.649530 -56.917010 +123.092500 -178.217900 +66.205490 +89.283120
+2.411538 +91.221340 -56.802130 +122.754100 -178.683600 +65.977270 +89.466490
+2.425641 +90.795470 -56.684620 +122.409500 -179.148300 +65.746910 +89.652790
+2.439744 +90.372000 -56.564480 +122.058900 -179.611700 +65.514500 +89.842050
+2.453846 +89.951020 -56.441710 +121.702200 -180.074500 +65.280100 +90.034290
+2.467949 +89.532610 -56.316300 +121.339600 -180.536000 +65.043800 +90.229530
+2.482051 +89.116850 -56.188270 +120.971100 -180.996400 +64.805660 +90.427790
+2.496154 +88.703820 -56.057620 +120.596800 -181.455800 +64.565770 +90.629100
+2.510256 +88.293570 -55.924320 +120.216600 -181.914000 +64.324160 +90.833480
+2.524359 +87.886140 -55.788380 +119.830600 -182.371000 +64.080890 +91.040960
+2.538462 +87.481580 -55.649800 +119.438800 -182.826800 +63.836000 +91.251550
+2.552564 +87.080090 -55.508590 +119.041400 -183.281300 +63.589610 +91.465230
+2.566667 +86.681880 -55.364830 +118.638600 -183.734100 +63.341890 +91.681900
+2.580769 +86.287170 -55.218580 +118.230500 -184.185200 +63.092980 +91.901470
+2.594872 +85.896220 -55.069910 +117.817500 -184.634300 +62.843070 +92.123830
+2.608974 +85.509250 -54.918920 +117.399700 -185.081100 +62.592320 +92.348860
+2.623077 +85.126480 -54.765690 +116.977500 -185.525300 +62.340910 +92.576440
+2.637179 +84.748060 -54.610280 +116.551100 -185.967000 +62.088960 +92.806470
+2.651282 +84.374110 -54.452770 +116.120600 -186.405800 +61.836590 +93.038880
+2.665385 +84.004720 -54.293190 +115.686200 -186.841800 +61.583890 +93.273580
+2.679487 +83.640000 -54.131620 +115.248100 -187.274800 +61.330980 +93.510490
+2.693590 +83.280020 -53.968110 +114.806400 -187.704800 +61.077930 +93.749520
+2.707692 +82.924870 -53.802730 +114.361400 -188.131600 +60.824870 +93.990580
+2.721795 +82.574630 -53.635560 +113.913200 -188.555100 +60.571870 +94.233590
+2.735897 +82.229350 -53.466650 +113.461900 -188.975400 +60.319040 +94.478460
+2.750000 +81.889110 -53.296070 +113.007900 -189.392200 +60.066460 +94.725080
+2.764103 +81.553940 -53.123910 +112.551200 -189.805600 +59.814220 +94.973360
+2.778205 +81.223910 -52.950220 +112.092100 -190.215500 +59.562430 +95.223210
+2.792308 +80.899040 -52.775100 +111.630700 -190.621800 +59.311150 +95.474520
+2.806410 +80.579380 -52.598620 +111.167300 -191.024500 +59.060490 +95.727200
+2.820513 +80.264950 -52.420850 +110.702000 -191.423400 +58.810520 +95.981140
+2.834615 +79.955780 -52.241890 +110.235100 -191.818600 +58.561340 +96.236240
+2.848718 +79.651880 -52.061820 +109.766700 -192.210000 +58.313030 +96.492400
+2.862821 +79.353270 -51.880720 +109.297100 -192.597600 +58.065680 +96.749490
+2.876923 +79.059950 -51.698690 +108.826500 -192.981300 +57.819360 +97.007430
+2.891026 +78.771920 -51.515810 +108.355100 -193.361100 +57.574170 +97.266100
+2.905128 +78.489190 -51.332180 +107.883100 -193.736900 +57.330190 +97.525390
+2.919231 +78.211730 -51.147890 +107.410700 -194.108800 +57.087490 +97.785180
+2.933333 +77.939550 -50.963040 +106.938100 -194.476600 +56.846180 +98.045380
+2.947436 +77.672600 -50.777710 +106.465600 -194.840500 +56.606290 +98.305890
+2.961538 +77.410740 -50.591910 +105.993100 -195.200400 +56.367820 +98.566700
+2.975641 +77.153840 -50.405650 +105.520700 -195.556700 +56.130730 +98.827840
+2.989744 +76.901760 -50.218950 +105.048300 -195.909300 +55.894990 +99.089320
+3.003846 +76.654370 -50.031800 +104.575900 -196.258500 +55.660580 +99.351160
+3.017949 +76.411530 -49.844220 +104.103600 -196.604300 +55.427460 +99.613360
+3.032051 +76.173130 -49.656220 +103.631300 -196.946900 +55.195610 +99.875950
+3.046154 +75.939050 -49.467800 +103.159000 -197.286500 +54.965010 +100.138900
+3.060256 +75.709170 -49.278980 +102.686800 -197.623100 +54.735640 +100.402300
+3.074359 +75.483370 -49.089760 +102.214600 -197.956800 +54.507480 +100.666200
+3.088462 +75.261560 -48.900150 +101.742500 -198.287900 +54.280500 +100.930500
+3.102564 +75.043620 -48.710160 +101.270300 -198.616300 +54.054690 +101.195200
+3.116667 +74.829440 -48.519790 +100.798200 -198.942200 +53.830030 +101.460500
+3.130769 +74.618930 -48.329060 +100.326200 -199.265700 +53.606500 +101.726300
+3.144872 +74.411980 -48.137960 +99.854110 -199.586900 +53.384090 +101.992600
+3.158974 +74.208510 -47.946510 +99.382110 -199.905900 +53.162780 +102.259400
+3.173077 +74.008400 -47.754720 +98.910150 -200.222800 +52.942570 +102.526900
+3.187179 +73.811590 -47.562590 +98.438220 -200.537800 +52.723430 +102.794900
+3.201282 +73.617990 -47.370140 +97.966350 -200.850800 +52.505370 +103.063500
+3.215385 +73.427490 -47.177380 +97.494540 -201.162000 +52.288370 +103.332800
+3.229487 +73.240030 -46.984300 +97.022780 -201.471500 +52.072430 +103.602700
+3.243590 +73.055510 -46.790930 +96.551090 -201.779400 +51.857530 +103.873300
+3.257692 +72.873880 -46.597270 +96.079490 -202.085800 +51.643690 +104.144600
+3.271795 +72.695040 -46.403330 +95.607970 -202.390700 +51.430890 +104.416600
+3.285897 +72.518920 -46.209120 +95.136560 -202.694200 +51.219120 +104.689300
+3.300000 +72.345450 -46.014660 +94.665240 -202.996400 +51.008390 +104.962800
+3.314103 +72.174580 -45.819940 +94.194030 -203.297300 +50.798690 +105.237000
+3.328205 +72.006240 -45.624960 +93.722900 -203.597200 +50.589980 +105.512100
+3.342308 +71.840390 -45.429720 +93.251850 -203.895900 +50.382270 +105.787900
+3.356410 +71.676960 -45.234240 +92.780870 -204.193500 +50.175540 +106.064600
+3.370513 +71.515920 -45.038510 +92.309960 -204.490200 +49.969780 +106.342100
+3.384615 +71.357200 -44.842530 +91.839100 -204.786000 +49.764970 +106.620400
+3.398718 +71.200770 -44.646310 +91.368290 -205.080900 +49.561100 +106.899600
+3.412821 +71.046570 -44.449840 +90.897520 -205.375000 +49.358170 +107.179700
+3.426923 +70.894560 -44.253120 +90.426780 -205.668300 +49.156150 +107.460700
+3.441026 +70.744700 -44.056170 +89.956070 -205.960900 +48.955050 +107.742600
+3.455128 +70.596940 -43.858980 +89.485390 -206.252900 +48.754860 +108.025500
+3.469231 +70.451240 -43.661560 +89.014730 -206.544300 +48.555560 +108.309200
+3.483333 +70.307580 -43.463910 +88.544100 -206.835100 +48.357150 +108.594000
+3.497436 +70.165910 -43.266030 +88.073490 -207.125400 +48.159620 +108.879600
+3.511538 +70.026190 -43.067940 +87.602910 -207.415200 +47.962980 +109.166300
+3.525641 +69.888440 -42.869690 +87.132490 -207.704500 +47.767270 +109.453900
+3.539744 +69.752750 -42.671500 +86.662750 -207.993100 +47.572700 +109.742000
+3.553846 +69.619290 -42.473660 +86.194360 -208.280400 +47.379530 +110.030400
+3.567949 +69.488200 -42.276490 +85.728040 -208.566300 +47.188050 +110.318500
+3.582051 +69.359640 -42.080280 +85.264500 -208.850200 +46.998540 +110.605900
+3.596154 +69.233720 -41.885360 +84.804440 -209.131700 +46.811260 +110.892200
+3.610256 +69.110580 -41.692020 +84.348590 -209.410600 +46.626480 +111.176900
+3.624359 +68.990330 -41.500580 +83.897670 -209.686300 +46.444470 +111.459500
+3.638462 +68.873100 -41.311360 +83.452380 -209.958400 +46.265490 +111.739600
+3.652564 +68.758970 -41.124670 +83.013420 -210.226700 +46.089780 +112.016700
+3.666667 +68.648040 -40.940790 +82.581490 -210.490600 +45.917580 +112.290300
+3.680769 +68.540400 -40.760040 +82.157260 -210.749900 +45.749130 +112.560000
+3.694872 +68.436110 -40.582710 +81.741390 -211.004100 +45.584650 +112.825200
+3.708974 +68.335260 -40.409080 +81.334540 -211.252800 +45.424350 +113.085600
+3.723077 +68.237910 -40.239450 +80.937340 -211.495700 +45.268440 +113.340700
+3.737179 +68.144090 -40.074060 +80.550390 -211.732400 +45.117120 +113.590000
+3.751282 +68.053880 -39.913210 +80.174290 -211.962600 +44.970570 +113.833000
+3.765385 +67.967300 -39.757130 +79.809610 -212.185900 +44.828980 +114.069500
+3.779487 +67.884390 -39.606090 +79.456920 -212.402000 +44.692500 +114.298800
+3.793590 +67.805180 -39.460310 +79.116730 -212.610600 +44.561290 +114.520700
+3.807692 +67.729710 -39.320030 +78.789560 -212.811300 +44.435500 +114.734700
+3.821795 +67.657980 -39.185460 +78.475880 -213.003900 +44.315260 +114.940500
+3.835897 +67.590020 -39.056800 +78.176150 -213.188000 +44.200720 +115.137600
+3.850000 +67.525840 -38.934250 +77.890780 -213.363500 +44.091960 +115.325800
+3.864103 +67.465440 -38.817990 +77.620180 -213.530000 +43.989110 +115.504600
+3.878205 +67.408820 -38.708170 +77.364690 -213.687300 +43.892250 +115.673900
+3.892308 +67.355990 -38.604960 +77.124660 -213.835100 +43.801470 +115.833300
+3.906410 +67.306930 -38.508480 +76.900370 -213.973400 +43.716830 +115.982500
+3.920513 +67.261640 -38.418840 +76.692050 -214.101900 +43.638390 +116.121300
+3.934615 +67.220030 -38.336000 +76.499610 -214.220800 +43.566060 +116.249800
+3.948718 +67.181920 -38.259740 +76.322510 -214.330100 +43.499620 +116.368300
+3.962821 +67.147140 -38.189800 +76.160120 -214.430500 +43.438800 +116.477100
+3.976923 +67.115510 -38.125890 +76.011760 -214.522300 +43.383320 +116.576600
+3.991026 +67.086820 -38.067710 +75.876730 -214.605800 +43.332900 +116.667300
+4.005128 +67.060910 -38.014950 +75.754320 -214.681600 +43.287240 +116.749600
+4.019231 +67.037580 -37.967300 +75.643770 -214.750000 +43.246060 +116.824000
+4.033333 +67.016660 -37.924420 +75.544310 -214.811600 +43.209040 +116.891000
+4.047436 +66.997960 -37.886000 +75.455210 -214.866800 +43.175920 +116.951100
+4.061538 +66.981320 -37.851730 +75.375750 -214.916100 +43.146390 +117.004800
+4.075641 +66.966570 -37.821310 +75.305200 -214.959900 +43.120210 +117.052400
+4.089744 +66.953580 -37.794440 +75.242900 -214.998500 +43.097090 +117.094500
+4.103846 +66.942180 -37.770830 +75.188190 -215.032400 +43.076810 +117.131500
+4.117949 +66.932250 -37.750230 +75.140420 -215.062100 +43.059110 +117.163800
+4.132051 +66.923640 -37.732360 +75.099000 -215.087800 +43.043760 +117.191800
+4.146154 +66.916250 -37.716970 +75.063340 -215.109900 +43.030560 +117.216000
+4.160256 +66.909930 -37.703830 +75.032880 -215.128800 +43.019290 +117.236600
+4.174359 +66.904590 -37.692700 +75.007100 -215.144800 +43.009740 +117.254100
+4.188462 +66.900110 -37.683380 +74.985480 -215.158200 +43.001750 +117.268700
+4.202564 +66.896410 -37.675650 +74.967570 -215.169400 +42.995120 +117.280800
+4.216667 +66.893380 -37.669320 +74.952910 -215.178500 +42.989700 +117.290800
+4.230769 +66.890930 -37.664210 +74.941080 -215.185800 +42.985320 +117.298800
+4.244872 +66.888990 -37.660160 +74.931690 -215.191700 +42.981850 +117.305200
+4.258974 +66.887480 -37.657010 +74.924380 -215.196200 +42.979150 +117.310100
+4.273077 +66.886330 -37.654610 +74.918820 -215.199600 +42.977100 +117.313900
+4.287179 +66.885480 -37.652830 +74.914700 -215.202200 +42.975570 +117.316700
+4.301282 +66.884870 -37.651560 +74.911760 -215.204000 +42.974490 +117.318700
+4.315385 +66.884450 -37.650690 +74.909740 -215.205300 +42.973740 +117.320000
+4.329487 +66.884180 -37.650120 +74.908420 -215.206100 +42.973250 +117.320900
+4.343590 +66.884020 -37.649780 +74.907630 -215.206600 +42.972960 +117.321500
+4.357692 +66.883930 -37.649590 +74.907190 -215.206900 +42.972800 +117.321800
+4.371795 +66.883890 -37.649500 +74.906990 -215.207000 +42.972720 +117.321900
+4.385897 +66.883870 -37.649470 +74.906910 -215.207000 +42.972690 +117.322000
+4.400000 +66.883870 -37.649460 +74.906900 -215.207000 +42.972690 +117.322000
[END]
