[HEADER]
  GEAR_NOMINAL_VEL = 1.000000
  SAMPLING_MODE = CARTESIAN
  CRC = 4230818067
[RECORDS]
+0.000000 -1332.291700 -1716.215900 +1174.452100 +0.000000 -90.000000 +0.000000 +18 +10
+0.084615 -1332.269500 -1716.226400 +1174.452100 +0.000000 -90.000000 +0.000000 +18 +10
+0.169231 -1331.991700 -1716.356400 +1174.452100 +0.000000 -90.000000 +0.000000 +18 +10
+0.253846 -1330.874400 -1716.879400 +1174.452100 +0.000000 -90.000000 +0.000000 +18 +10
+0.338462 -1327.978400 -1718.235100 +1174.452100 +0.000000 -90.000000 +0.000000 +18 +10
+0.423077 -1322.010300 -1721.030600 +1174.452100 +0.000000 -90.000000 +0.000000 +18 +10
+0.507692 -1311.371500 -1726.018300 +1174.452100 +0.000000 -90.000000 +0.000000 +18 +10
+0.592308 -1294.391200 -1733.991200 +1174.452000 +0.000000 -90.000000 +0.000000 +18 +10
+0.676923 -1269.485700 -1745.712400 +1174.452000 +0.000000 -90.000000 +0.000000 +18 +10
+0.761538 -1235.465600 -1761.775900 +1174.452300 +0.000000 -90.000000 +0.000000 +18 +10
+0.846154 -1191.814700 -1782.474900 +1174.452300 +0.000000 -90.000000 +0.000000 +18 +10
+0.930769 -1139.465200 -1807.430400 +1174.452300 +0.000000 -90.000000 +0.000000 +18 +10
+1.015385 -1080.794400 -1835.570600 +1174.452300 +0.000000 -90.000000 +0.000000 +18 +10
+1.100000 -1018.363500 -1865.713700 +1174.452300 +0.000000 -90.000000 +0.000000 +18 +10
+1.184615 -954.532780 -1896.746300 +1174.452300 +0.000000 -90.000000 +0.000000 +18 +10
+1.269231 -891.176330 -1927.762700 +1174.452300 +0.000000 -90.000000 +0.000000 +18 +10
+1.353846 -828.834110 -1958.491800 +1174.452100 +0.000000 -90.000000 +0.000000 +18 +10
+1.438462 -767.245970 -1989.054200 +1174.452100 +0.000000 -90.000000 +0.000000 +18 +10
+1.523077 -706.114930 -2019.591900 +1174.452100 +0.000000 -90.000000 +0.000000 +18 +10
+1.607692 -645.174930 -2050.235600 +1174.452100 +0.000000 -90.000000 +0.000000 +18 +10
+1.692308 -584.196650 -2081.100300 +1174.452100 +0.000000 -90.000000 +0.000000 +18 +10
+1.776923 -522.951600 -2112.304200 +1174.452100 +0.000000 -90.000000 +0.000000 +18 +10
+1.861538 -461.164640 -2143.992700 +1174.452100 +0.000000 -90.000000 +0.000000 +18 +10
+1.946154 -398.714540 -2176.234600 +1174.452100 +0.000000 -90.000000 +0.000000 +18 +10
+2.030769 -335.339660 -2209.174300 +1174.452100 +0.000000 -90.000000 +0.000000 +18 +10
+2.115385 -270.772740 -2242.962600 +1174.452100 +0.000000 -90.000000 +0.000000 +18 +10
+2.200000 -204.857130 -2277.696800 +1174.452100 +0.000000 -90.000000 +0.000000 +18 +10
+2.284615 -137.475130 -2313.455100 +1174.452000 +0.000000 -90.000000 +0.000000 +18 +10
+2.369231 -68.696548 -2350.179400 +1174.452000 +0.000000 -90.000000 +0.000000 +18 +10
+2.453846 +1.150484 -2387.528300 +1174.452000 +0.000000 -90.000000 +0.000000 +18 +10
+2.538461 +71.728523 -2425.234600 +1174.452000 +0.000000 -90.000000 +0.000000 +18 +10
+2.623077 +142.479900 -2463.055200 +1174.452000 +0.000000 -90.000000 +0.000000 +18 +10
+2.707692 +212.145000 -2500.472200 +1174.452000 +0.000000 -90.000000 +0.000000 +18 +10
+2.792308 +279.747650 -2537.152100 +1174.452000 +0.000000 -90.000000 +0.000000 +18 +10
+2.876923 +344.501310 -2572.830100 +1174.452000 +0.000000 -90.000000 +0.000000 +18 +10
+2.961539 +405.751460 -2607.232400 +1174.452000 +0.000000 -90.000000 +0.000000 +18 +10
+3.046154 +463.344420 -2640.271200 +1174.452100 +0.000000 -90.000000 +0.000000 +18 +10
+3.130769 +517.699770 -2672.117200 +1174.452100 +0.000000 -90.000000 +0.000000 +18 +10
+3.215385 +569.224300 -2702.893100 +1174.452100 +0.000000 -90.000000 +0.000000 +18 +10
+3.300000 +618.266660 -2732.658200 +1174.452100 +0.000000 -90.000000 +0.000000 +18 +10
+3.384615 +665.105350 -2761.448200 +1174.452100 +0.000000 -90.000000 +0.000000 +18 +10
+3.469231 +709.930730 -2789.326900 +1174.452100 +0.000000 -90.000000 +0.000000 +18 +10
+3.553846 +752.835080 -2816.312000 +1174.452100 +0.000000 -90.000000 +0.000000 +18 +10
+3.638462 +792.861820 -2841.755600 +1174.452300 +0.000000 -90.000000 +0.000000 +18 +10
+3.723077 +828.180050 -2864.422600 +1174.452300 +0.000000 -90.000000 +0.000000 +18 +10
+3.807692 +857.322080 -2883.280000 +1174.452300 +0.000000 -90.000000 +0.000000 +18 +10
+3.892308 +879.284360 -2897.584200 +1174.452300 +0.000000 -90.000000 +0.000000 +18 +10
+3.976923 +893.665280 -2906.994100 +1174.452300 +0.000000 -90.000000 +0.000000 +18 +10
+4.061539 +901.777340 -2912.317100 +1174.452300 +0.000000 -90.000000 +0.000000 +18 +10
+4.146154 +905.733830 -2914.917200 +1174.452300 +0.000000 -90.000000 +0.000000 +18 +10
+4.230769 +907.277220 -2915.932400 +1174.452300 +0.000000 -90.000000 +0.000000 +18 +10
+4.315385 +907.672360 -2916.192100 +1174.452300 +0.000000 -90.000000 +0.000000 +18 +10
+4.400000 +907.708190 -2916.215800 +1174.452300 +0.000000 -90.000000 +0.000000 +18 +10
[END]
