[HEADER]
  GEAR_NOMINAL_VEL = 1.000000
  SAMPLING_MODE = CARTESIAN
  CRC = 4230818067
[RECORDS]
+0.000000 -1332.291700 -1716.215900 +1174.452100 +0.000000 -90.000000 +0.000000 +18 +10
+0.014103 -1332.291700 -1716.215900 +1174.452100 +0.000000 -90.000000 +0.000000 +18 +10
+0.028205 -1332.291400 -1716.216200 +1174.452100 +0.000000 -90.000000 +0.000000 +18 +10
+0.042308 -1332.289900 -1716.216800 +1174.452100 +0.000000 -90.000000 +0.000000 +18 +10
+0.056410 -1332.286700 -1716.218400 +1174.452100 +0.000000 -90.000000 +0.000000 +18 +10
+0.070513 -1332.280400 -1716.221300 +1174.452100 +0.000000 -90.000000 +0.000000 +18 +10
+0.084615 -1332.269500 -1716.226400 +1174.452100 +0.000000 -90.000000 +0.000000 +18 +10
+0.098718 -1332.252300 -1716.234500 +1174.452100 +0.000000 -90.000000 +0.000000 +18 +10
+0.112821 -1332.226800 -1716.246300 +1174.452100 +0.000000 -90.000000 +0.000000 +18 +10
+0.126923 -1332.190700 -1716.263300 +1174.452100 +0.000000 -90.000000 +0.000000 +18 +10
+0.141026 -1332.141400 -1716.286400 +1174.452100 +0.000000 -90.000000 +0.000000 +18 +10
+0.155128 -1332.076200 -1716.316900 +1174.452100 +0.000000 -90.000000 +0.000000 +18 +10
+0.169231 -1331.991700 -1716.356400 +1174.452100 +0.000000 -90.000000 +0.000000 +18 +10
+0.183333 -1331.884800 -1716.406500 +1174.452100 +0.000000 -90.000000 +0.000000 +18 +10
+0.197436 -1331.751600 -1716.468800 +1174.452100 +0.000000 -90.000000 +0.000000 +18 +10
+0.211538 -1331.588400 -1716.545200 +1174.452100 +0.000000 -90.000000 +0.000000 +18 +10
+0.225641 -1331.390700 -1716.637700 +1174.452100 +0.000000 -90.000000 +0.000000 +18 +10
+0.239744 -1331.154300 -1716.748300 +1174.452100 +0.000000 -90.000000 +0.000000 +18 +10
+0.253846 -1330.874400 -1716.879400 +1174.452100 +0.000000 -90.000000 +0.000000 +18 +10
+0.267949 -1330.545800 -1717.033200 +1174.452100 +0.000000 -90.000000 +0.000000 +18 +10
+0.282051 -1330.163200 -1717.212300 +1174.452100 +0.000000 -90.000000 +0.000000 +18 +10
+0.296154 -1329.721300 -1717.419200 +1174.452100 +0.000000 -90.000000 +0.000000 +18 +10
+0.310256 -1329.213900 -1717.656700 +1174.452100 +0.000000 -90.000000 +0.000000 +18 +10
+0.324359 -1328.635100 -1717.927700 +1174.452100 +0.000000 -90.000000 +0.000000 +18 +10
+0.338462 -1327.978400 -1718.235100 +1174.452100 +0.000000 -90.000000 +0.000000 +18 +10
+0.352564 -1327.237200 -1718.582300 +1174.452100 +0.000000 -90.000000 +0.000000 +18 +10
+0.366667 -1326.404400 -1718.972200 +1174.452100 +0.000000 -90.000000 +0.000000 +18 +10
+0.380769 -1325.473000 -1719.408400 +1174.452100 +0.000000 -90.000000 +0.000000 +18 +10
+0.394872 -1324.435300 -1719.894400 +1174.452100 +0.000000 -90.000000 +0.000000 +18 +10
+0.408974 -1323.283700 -1720.434000 +1174.452100 +0.000000 -90.000000 +0.000000 +18 +10
+0.423077 -1322.010300 -1721.030600 +1174.452100 +0.000000 -90.000000 +0.000000 +18 +10
+0.437179 -1320.607100 -1721.688100 +1174.452100 +0.000000 -90.000000 +0.000000 +18 +10
+0.451282 -1319.066200 -1722.410300 +1174.452100 +0.000000 -90.000000 +0.000000 +18 +10
+0.465385 -1317.380000 -1723.200600 +1174.452100 +0.000000 -90.000000 +0.000000 +18 +10
+0.479487 -1315.540600 -1724.063000 +1174.452100 +0.000000 -90.000000 +0.000000 +18 +10
+0.493590 -1313.540400 -1725.001000 +1174.452100 +0.000000 -90.000000 +0.000000 +18 +10
+0.507692 -1311.371500 -1726.018300 +1174.452100 +0.000000 -90.000000 +0.000000 +18 +10
+0.521795 -1309.026200 -1727.118500 +1174.452100 +0.000000 -90.000000 +0.000000 +18 +10
+0.535897 -1306.497200 -1728.305400 +1174.452100 +0.000000 -90.000000 +0.000000 +18 +10
+0.550000 -1303.776700 -1729.582500 +1174.452100 +0.000000 -90.000000 +0.000000 +18 +10
+0.564103 -1300.857200 -1730.953400 +1174.452000 +0.000000 -90.000000 +0.000000 +18 +10
+0.578205 -1297.731100 -1732.421800 +1174.452000 +0.000000 -90.000000 +0.000000 +18 +10
+0.592308 -1294.391200 -1733.991200 +1174.452000 +0.000000 -90.000000 +0.000000 +18 +10
+0.606410 -1290.830200 -1735.665200 +1174.452000 +0.000000 -90.000000 +0.000000 +18 +10
+0.620513 -1287.040900 -1737.447100 +1174.452000 +0.000000 -90.000000 +0.000000 +18 +10
+0.634615 -1283.017100 -1739.340200 +1174.452000 +0.000000 -90.000000 +0.000000 +18 +10
+0.648718 -1278.753300 -1741.347200 +1174.452000 +0.000000 -90.000000 +0.000000 +18 +10
+0.662821 -1274.244400 -1743.470300 +1174.452000 +0.000000 -90.000000 +0.000000 +18 +10
+0.676923 -1269.485700 -1745.712400 +1174.452000 +0.000000 -90.000000 +0.000000 +18 +10
+0.691026 -1264.472700 -1748.075700 +1174.452000 +0.000000 -90.000000 +0.000000 +18 +10
+0.705128 -1259.201000 -1750.562100 +1174.452000 +0.000000 -90.000000 +0.000000 +18 +10
+0.719231 -1253.667100 -1753.174200 +1174.452300 +0.000000 -90.000000 +0.000000 +18 +10
+0.733333 -1247.867900 -1755.912800 +1174.452300 +0.000000 -90.000000 +0.000000 +18 +10
+0.747436 -1241.801100 -1758.779800 +1174.452300 +0.000000 -90.000000 +0.000000 +18 +10
+0.761538 -1235.465600 -1761.775900 +1174.452300 +0.000000 -90.000000 +0.000000 +18 +10
+0.775641 -1228.860200 -1764.901600 +1174.452300 +0.000000 -90.000000 +0.000000 +18 +10
+0.789744 -1221.985100 -1768.157600 +1174.452300 +0.000000 -90.000000 +0.000000 +18 +10
+0.803846 -1214.840100 -1771.543900 +1174.452300 +0.000000 -90.000000 +0.000000 +18 +10
+0.817949 -1207.426000 -1775.060500 +1174.452300 +0.000000 -90.000000 +0.000000 +18 +10
+0.832051 -1199.747700 -1778.705700 +1174.452300 +0.000000 -90.000000 +0.000000 +18 +10
+0.846154 -1191.814700 -1782.474900 +1174.452300 +0.000000 -90.000000 +0.000000 +18 +10
+0.860256 -1183.637700 -1786.363500 +1174.452300 +0.000000 -90.000000 +0.000000 +18 +10
+0.874359 -1175.226800 -1790.366900 +1174.452300 +0.000000 -90.000000 +0.000000 +18 +10
+0.888462 -1166.592900 -1794.480300 +1174.452300 +0.000000 -90.000000 +0.000000 +18 +10
+0.902564 -1157.746800 -1798.699100 +1174.452300 +0.000000 -90.000000 +0.000000 +18 +10
+0.916667 -1148.700100 -1803.017600 +1174.452300 +0.000000 -90.000000 +0.000000 +18 +10
+0.930769 -1139.465200 -1807.430400 +1174.452300 +0.000000 -90.000000 +0.000000 +18 +10
+0.944872 -1130.054600 -1811.931900 +1174.452300 +0.000000 -90.000000 +0.000000 +18 +10
+0.958974 -1120.480600 -1816.516100 +1174.452300 +0.000000 -90.000000 +0.000000 +18 +10
+0.973077 -1110.755500 -1821.177700 +1174.452300 +0.000000 -90.000000 +0.000000 +18 +10
+0.987179 -1100.891500 -1825.911000 +1174.452300 +0.000000 -90.000000 +0.000000 +18 +10
+1.001282 -1090.900500 -1830.710400 +1174.452300 +0.000000 -90.000000 +0.000000 +18 +10
+1.015385 -1080.794400 -1835.570600 +1174.452300 +0.000000 -90.000000 +0.000000 +18 +10
+1.029487 -1070.584700 -1840.486000 +1174.452300 +0.000000 -90.000000 +0.000000 +18 +10
+1.043590 -1060.282000 -1845.451800 +1174.452300 +0.000000 -90.000000 +0.000000 +18 +10
+1.057692 -1049.896700 -1850.463000 +1174.452300 +0.000000 -90.000000 +0.000000 +18 +10
+1.071795 -1039.440900 -1855.514000 +1174.452300 +0.000000 -90.000000 +0.000000 +18 +10
+1.085897 -1028.926100 -1860.599400 +1174.452300 +0.000000 -90.000000 +0.000000 +18 +10
+1.100000 -1018.363500 -1865.713700 +1174.452300 +0.000000 -90.000000 +0.000000 +18 +10
+1.114103 -1007.763600 -1870.852200 +1174.452300 +0.000000 -90.000000 +0.000000 +18 +10
+1.128205 -997.136290 -1876.009800 +1174.452300 +0.000000 -90.000000 +0.000000 +18 +10
+1.142308 -986.490780 -1881.182300 +1174.452300 +0.000000 -90.000000 +0.000000 +18 +10
+1.156410 -975.835820 -1886.365400 +1174.452300 +0.000000 -90.000000 +0.000000 +18 +10
+1.170513 -965.180240 -1891.554800 +1174.452300 +0.000000 -90.000000 +0.000000 +18 +10
+1.184615 -954.532780 -1896.746300 +1174.452300 +0.000000 -90.000000 +0.000000 +18 +10
+1.198718 -943.901430 -1901.936000 +1174.452300 +0.000000 -90.000000 +0.000000 +18 +10
+1.212821 -933.293880 -1907.120000 +1174.452300 +0.000000 -90.000000 +0.000000 +18 +10
+1.226923 -922.717410 -1912.294900 +1174.452300 +0.000000 -90.000000 +0.000000 +18 +10
+1.241026 -912.173220 -1917.459800 +1174.452300 +0.000000 -90.000000 +0.000000 +18 +10
+1.255128 -901.659970 -1922.615600 +1174.452300 +0.000000 -90.000000 +0.000000 +18 +10
+1.269231 -891.176330 -1927.762700 +1174.452300 +0.000000 -90.000000 +0.000000 +18 +10
+1.283333 -880.720890 -1932.901900 +1174.452300 +0.000000 -90.000000 +0.000000 +18 +10
+1.297436 -870.292540 -1938.033400 +1174.452300 +0.000000 -90.000000 +0.000000 +18 +10
+1.311538 -859.891050 -1943.157600 +1174.452300 +0.000000 -90.000000 +0.000000 +18 +10
+1.325641 -849.515140 -1948.274900 +1174.452300 +0.000000 -90.000000 +0.000000 +18 +10
+1.339744 -839.163270 -1953.386000 +1174.452100 +0.000000 -90.000000 +0.000000 +18 +10
+1.353846 -828.834110 -1958.491800 +1174.452100 +0.000000 -90.000000 +0.000000 +18 +10
+1.367949 -818.526000 -1963.592900 +1174.452100 +0.000000 -90.000000 +0.000000 +18 +10
+1.382051 -808.237490 -1968.689900 +1174.452100 +0.000000 -90.000000 +0.000000 +18 +10
+1.396154 -797.966920 -1973.783800 +1174.452100 +0.000000 -90.000000 +0.000000 +18 +10
+1.410256 -787.712280 -1978.875500 +1174.452100 +0.000000 -90.000000 +0.000000 +18 +10
+1.424359 -777.472110 -1983.965500 +1174.452100 +0.000000 -90.000000 +0.000000 +18 +10
+1.438462 -767.245970 -1989.054200 +1174.452100 +0.000000 -90.000000 +0.000000 +18 +10
+1.452564 -757.033450 -1994.141800 +1174.452100 +0.000000 -90.000000 +0.000000 +18 +10
+1.466667 -746.833070 -1999.229000 +1174.452100 +0.000000 -90.000000 +0.000000 +18 +10
+1.480769 -736.642520 -2004.316800 +1174.452100 +0.000000 -90.000000 +0.000000 +18 +10
+1.494872 -726.459960 -2009.406200 +1174.452100 +0.000000 -90.000000 +0.000000 +18 +10
+1.508974 -716.284420 -2014.497800 +1174.452100 +0.000000 -90.000000 +0.000000 +18 +10
+1.523077 -706.114930 -2019.591900 +1174.452100 +0.000000 -90.000000 +0.000000 +18 +10
+1.537179 -695.950440 -2024.689100 +1174.452100 +0.000000 -90.000000 +0.000000 +18 +10
+1.551282 -685.790710 -2029.789600 +1174.452100 +0.000000 -90.000000 +0.000000 +18 +10
+1.565385 -675.634950 -2034.893600 +1174.452100 +0.000000 -90.000000 +0.000000 +18 +10
+1.579487 -665.481320 -2040.002100 +1174.452100 +0.000000 -90.000000 +0.000000 +18 +10
+1.593590 -655.328120 -2045.116000 +1174.452100 +0.000000 -90.000000 +0.000000 +18 +10
+1.607692 -645.174930 -2050.235600 +1174.452100 +0.000000 -90.000000 +0.000000 +18 +10
+1.621795 -635.021000 -2055.360800 +1174.452100 +0.000000 -90.000000 +0.000000 +18 +10
+1.635897 -624.865170 -2060.492900 +1174.452100 +0.000000 -90.000000 +0.000000 +18 +10
+1.650000 -614.705930 -2065.632300 +1174.452100 +0.000000 -90.000000 +0.000000 +18 +10
+1.664103 -604.541690 -2070.779800 +1174.452100 +0.000000 -90.000000 +0.000000 +18 +10
+1.678205 -594.371950 -2075.935800 +1174.452100 +0.000000 -90.000000 +0.000000 +18 +10
+1.692308 -584.196650 -2081.100300 +1174.452100 +0.000000 -90.000000 +0.000000 +18 +10
+1.706410 -574.014950 -2086.273400 +1174.452100 +0.000000 -90.000000 +0.000000 +18 +10
+1.720513 -563.825130 -2091.456500 +1174.452100 +0.000000 -90.000000 +0.000000 +18 +10
+1.734615 -553.625490 -2096.650400 +1174.452100 +0.000000 -90.000000 +0.000000 +18 +10
+1.748718 -543.414370 -2101.855700 +1174.452100 +0.000000 -90.000000 +0.000000 +18 +10
+1.762820 -533.190250 -2107.073500 +1174.452100 +0.000000 -90.000000 +0.000000 +18 +10
+1.776923 -522.951600 -2112.304200 +1174.452100 +0.000000 -90.000000 +0.000000 +18 +10
+1.791026 -512.696840 -2117.549100 +1174.452100 +0.000000 -90.000000 +0.000000 +18 +10
+1.805128 -502.424590 -2122.808600 +1174.452100 +0.000000 -90.000000 +0.000000 +18 +10
+1.819231 -492.135010 -2128.082800 +1174.452100 +0.000000 -90.000000 +0.000000 +18 +10
+1.833333 -481.828640 -2133.371300 +1174.452100 +0.000000 -90.000000 +0.000000 +18 +10
+1.847436 -471.505310 -2138.674600 +1174.452100 +0.000000 -90.000000 +0.000000 +18 +10
+1.861538 -461.164640 -2143.992700 +1174.452100 +0.000000 -90.000000 +0.000000 +18 +10
+1.875641 -450.806240 -2149.325700 +1174.452100 +0.000000 -90.000000 +0.000000 +18 +10
+1.889744 -440.429600 -2154.673800 +1174.452100 +0.000000 -90.000000 +0.000000 +18 +10
+1.903846 -430.033420 -2160.038300 +1174.452100 +0.000000 -90.000000 +0.000000 +18 +10
+1.917949 -419.616450 -2165.419200 +1174.452100 +0.000000 -90.000000 +0.000000 +18 +10
+1.932051 -409.177430 -2170.817600 +1174.452100 +0.000000 -90.000000 +0.000000 +18 +10
+1.946154 -398.714540 -2176.234600 +1174.452100 +0.000000 -90.000000 +0.000000 +18 +10
+1.960256 -388.225590 -2181.670900 +1174.452100 +0.000000 -90.000000 +0.000000 +18 +10
+1.974359 -377.708590 -2187.127900 +1174.452100 +0.000000 -90.000000 +0.000000 +18 +10
+1.988462 -367.162570 -2192.606200 +1174.452100 +0.000000 -90.000000 +0.000000 +18 +10
+2.002564 -356.586700 -2198.106000 +1174.452100 +0.000000 -90.000000 +0.000000 +18 +10
+2.016667 -345.979520 -2203.628400 +1174.452100 +0.000000 -90.000000 +0.000000 +18 +10
+2.030769 -335.339660 -2209.174300 +1174.452100 +0.000000 -90.000000 +0.000000 +18 +10
+2.044872 -324.666290 -2214.743700 +1174.452100 +0.000000 -90.000000 +0.000000 +18 +10
+2.058974 -313.959020 -2220.337200 +1174.452100 +0.000000 -90.000000 +0.000000 +18 +10
+2.073077 -303.217320 -2225.955100 +1174.452100 +0.000000 -90.000000 +0.000000 +18 +10
+2.087179 -292.439570 -2231.598400 +1174.452100 +0.000000 -90.000000 +0.000000 +18 +10
+2.101282 -281.624730 -2237.267600 +1174.452100 +0.000000 -90.000000 +0.000000 +18 +10
+2.115385 -270.772740 -2242.962600 +1174.452100 +0.000000 -90.000000 +0.000000 +18 +10
+2.129487 -259.883270 -2248.684100 +1174.452100 +0.000000 -90.000000 +0.000000 +18 +10
+2.143590 -248.955930 -2254.432100 +1174.452100 +0.000000 -90.000000 +0.000000 +18 +10
+2.157692 -237.990170 -2260.207000 +1174.452100 +0.000000 -90.000000 +0.000000 +18 +10
+2.171795 -226.985470 -2266.009300 +1174.452100 +0.000000 -90.000000 +0.000000 +18 +10
+2.185897 -215.941270 -2271.839100 +1174.452100 +0.000000 -90.000000 +0.000000 +18 +10
+2.200000 -204.857130 -2277.696800 +1174.452100 +0.000000 -90.000000 +0.000000 +18 +10
+2.214103 -193.732120 -2283.583000 +1174.452100 +0.000000 -90.000000 +0.000000 +18 +10
+2.228205 -182.564610 -2289.498800 +1174.452100 +0.000000 -90.000000 +0.000000 +18 +10
+2.242308 -171.354580 -2295.444100 +1174.452100 +0.000000 -90.000000 +0.000000 +18 +10
+2.256410 -160.102480 -2301.418700 +1174.452100 +0.000000 -90.000000 +0.000000 +18 +10
+2.270513 -148.809010 -2307.422600 +1174.452100 +0.000000 -90.000000 +0.000000 +18 +10
+2.284615 -137.475130 -2313.455100 +1174.452000 +0.000000 -90.000000 +0.000000 +18 +10
+2.298718 -126.102070 -2319.515600 +1174.452000 +0.000000 -90.000000 +0.000000 +18 +10
+2.312820 -114.691040 -2325.602800 +1174.452000 +0.000000 -90.000000 +0.000000 +18 +10
+2.326923 -103.243260 -2331.715100 +1174.452000 +0.000000 -90.000000 +0.000000 +18 +10
+2.341026 -91.760262 -2337.849900 +1174.452000 +0.000000 -90.000000 +0.000000 +18 +10
+2.355128 -80.243958 -2344.005400 +1174.452000 +0.000000 -90.000000 +0.000000 +18 +10
+2.369231 -68.696548 -2350.179400 +1174.452000 +0.000000 -90.000000 +0.000000 +18 +10
+2.383333 -57.120045 -2356.370400 +1174.452000 +0.000000 -90.000000 +0.000000 +18 +10
+2.397436 -45.515800 -2362.576400 +1174.452000 +0.000000 -90.000000 +0.000000 +18 +10
+2.411538 -33.885174 -2368.796400 +1174.452000 +0.000000 -90.000000 +0.000000 +18 +10
+2.425641 -22.229591 -2375.029100 +1174.452000 +0.000000 -90.000000 +0.000000 +18 +10
+2.439744 -10.550450 -2381.273400 +1174.452000 +0.000000 -90.000000 +0.000000 +18 +10
+2.453846 +1.150484 -2387.528300 +1174.452000 +0.000000 -90.000000 +0.000000 +18 +10
+2.467949 +12.871512 -2393.792700 +1174.452000 +0.000000 -90.000000 +0.000000 +18 +10
+2.482051 +24.611187 -2400.065900 +1174.452000 +0.000000 -90.000000 +0.000000 +18 +10
+2.496154 +36.367615 -2406.346700 +1174.452000 +0.000000 -90.000000 +0.000000 +18 +10
+2.510256 +48.139912 -2412.635300 +1174.452000 +0.000000 -90.000000 +0.000000 +18 +10
+2.524359 +59.927418 -2418.931400 +1174.452000 +0.000000 -90.000000 +0.000000 +18 +10
+2.538461 +71.728523 -2425.234600 +1174.452000 +0.000000 -90.000000 +0.000000 +18 +10
+2.552564 +83.538521 -2431.543000 +1174.452000 +0.000000 -90.000000 +0.000000 +18 +10
+2.566667 +95.350815 -2437.853500 +1174.452000 +0.000000 -90.000000 +0.000000 +18 +10
+2.580769 +107.158470 -2444.163100 +1174.452000 +0.000000 -90.000000 +0.000000 +18 +10
+2.594872 +118.954190 -2450.468800 +1174.452000 +0.000000 -90.000000 +0.000000 +18 +10
+2.608974 +130.730470 -2456.767100 +1174.452000 +0.000000 -90.000000 +0.000000 +18 +10
+2.623077 +142.479900 -2463.055200 +1174.452000 +0.000000 -90.000000 +0.000000 +18 +10
+2.637179 +154.196910 -2469.330800 +1174.452000 +0.000000 -90.000000 +0.000000 +18 +10
+2.651282 +165.877150 -2475.592500 +1174.452000 +0.000000 -90.000000 +0.000000 +18 +10
+2.665385 +177.516300 -2481.838600 +1174.452000 +0.000000 -90.000000 +0.000000 +18 +10
+2.679487 +189.110080 -2488.068400 +1174.452000 +0.000000 -90.000000 +0.000000 +18 +10
+2.693590 +200.654340 -2494.279800 +1174.452000 +0.000000 -90.000000 +0.000000 +18 +10
+2.707692 +212.145000 -2500.472200 +1174.452000 +0.000000 -90.000000 +0.000000 +18 +10
+2.721795 +223.578110 -2506.644000 +1174.452000 +0.000000 -90.000000 +0.000000 +18 +10
+2.735897 +234.949750 -2512.793900 +1174.452000 +0.000000 -90.000000 +0.000000 +18 +10
+2.750000 +246.256180 -2518.920900 +1174.452000 +0.000000 -90.000000 +0.000000 +18 +10
+2.764103 +257.493680 -2525.023700 +1174.452000 +0.000000 -90.000000 +0.000000 +18 +10
+2.778205 +268.658660 -2531.101100 +1174.452000 +0.000000 -90.000000 +0.000000 +18 +10
+2.792308 +279.747650 -2537.152100 +1174.452000 +0.000000 -90.000000 +0.000000 +18 +10
+2.806410 +290.757200 -2543.175000 +1174.452000 +0.000000 -90.000000 +0.000000 +18 +10
+2.820513 +301.684050 -2549.169200 +1174.452000 +0.000000 -90.000000 +0.000000 +18 +10
+2.834615 +312.524930 -2555.133100 +1174.452000 +0.000000 -90.000000 +0.000000 +18 +10
+2.848718 +323.276790 -2561.065200 +1174.452000 +0.000000 -90.000000 +0.000000 +18 +10
+2.862821 +333.936520 -2566.964600 +1174.452000 +0.000000 -90.000000 +0.000000 +18 +10
+2.876923 +344.501310 -2572.830100 +1174.452000 +0.000000 -90.000000 +0.000000 +18 +10
+2.891026 +354.968290 -2578.659900 +1174.452000 +0.000000 -90.000000 +0.000000 +18 +10
+2.905128 +365.334720 -2584.452900 +1174.452000 +0.000000 -90.000000 +0.000000 +18 +10
+2.919231 +375.597960 -2590.207500 +1174.452000 +0.000000 -90.000000 +0.000000 +18 +10
+2.933333 +385.755490 -2595.922600 +1174.452000 +0.000000 -90.000000 +0.000000 +18 +10
+2.947436 +395.806090 -2601.597400 +1174.452000 +0.000000 -90.000000 +0.000000 +18 +10
+2.961539 +405.751460 -2607.232400 +1174.452000 +0.000000 -90.000000 +0.000000 +18 +10
+2.975641 +415.593990 -2612.828900 +1174.452100 +0.000000 -90.000000 +0.000000 +18 +10
+2.989744 +425.336000 -2618.388200 +1174.452100 +0.000000 -90.000000 +0.000000 +18 +10
+3.003846 +434.979890 -2623.911100 +1174.452100 +0.000000 -90.000000 +0.000000 +18 +10
+3.017949 +444.527920 -2629.398700 +1174.452100 +0.000000 -90.000000 +0.000000 +18 +10
+3.032051 +453.982120 -2634.851800 +1174.452100 +0.000000 -90.000000 +0.000000 +18 +10
+3.046154 +463.344420 -2640.271200 +1174.452100 +0.000000 -90.000000 +0.000000 +18 +10
+3.060256 +472.616850 -2645.657500 +1174.452100 +0.000000 -90.000000 +0.000000 +18 +10
+3.074359 +481.801420 -2651.011700 +1174.452100 +0.000000 -90.000000 +0.000000 +18 +10
+3.088462 +490.900060 -2656.334000 +1174.452100 +0.000000 -90.000000 +0.000000 +18 +10
+3.102564 +499.914730 -2661.625200 +1174.452100 +0.000000 -90.000000 +0.000000 +18 +10
+3.116667 +508.847350 -2666.886200 +1174.452100 +0.000000 -90.000000 +0.000000 +18 +10
+3.130769 +517.699770 -2672.117200 +1174.452100 +0.000000 -90.000000 +0.000000 +18 +10
+3.144872 +526.473630 -2677.318400 +1174.452100 +0.000000 -90.000000 +0.000000 +18 +10
+3.158974 +535.170780 -2682.490500 +1174.452100 +0.000000 -90.000000 +0.000000 +18 +10
+3.173077 +543.792790 -2687.633800 +1174.452100 +0.000000 -90.000000 +0.000000 +18 +10
+3.187180 +552.341370 -2692.748500 +1174.452100 +0.000000 -90.000000 +0.000000 +18 +10
+3.201282 +560.817990 -2697.835000 +1174.452100 +0.000000 -90.000000 +0.000000 +18 +10
+3.215385 +569.224300 -2702.893100 +1174.452100 +0.000000 -90.000000 +0.000000 +18 +10
+3.229487 +577.561830 -2707.923300 +1174.452100 +0.000000 -90.000000 +0.000000 +18 +10
+3.243590 +585.831910 -2712.925800 +1174.452100 +0.000000 -90.000000 +0.000000 +18 +10
+3.257692 +594.036070 -2717.900400 +1174.452100 +0.000000 -90.000000 +0.000000 +18 +10
+3.271795 +602.175720 -2722.847400 +1174.452100 +0.000000 -90.000000 +0.000000 +18 +10
+3.285897 +610.252200 -2727.766600 +1174.452100 +0.000000 -90.000000 +0.000000 +18 +10
+3.300000 +618.266660 -2732.658200 +1174.452100 +0.000000 -90.000000 +0.000000 +18 +10
+3.314103 +626.220220 -2737.522500 +1174.452100 +0.000000 -90.000000 +0.000000 +18 +10
+3.328205 +634.113770 -2742.360100 +1174.452100 +0.000000 -90.000000 +0.000000 +18 +10
+3.342308 +641.948240 -2747.171100 +1174.452100 +0.000000 -90.000000 +0.000000 +18 +10
+3.356410 +649.724430 -2751.956100 +1174.452100 +0.000000 -90.000000 +0.000000 +18 +10
+3.370513 +657.443180 -2756.714800 +1174.452100 +0.000000 -90.000000 +0.000000 +18 +10
+3.384615 +665.105350 -2761.448200 +1174.452100 +0.000000 -90.000000 +0.000000 +18 +10
+3.398718 +672.711670 -2766.156500 +1174.452100 +0.000000 -90.000000 +0.000000 +18 +10
+3.412821 +680.262940 -2770.839600 +1174.452100 +0.000000 -90.000000 +0.000000 +18 +10
+3.426923 +687.759830 -2775.498000 +1174.452100 +0.000000 -90.000000 +0.000000 +18 +10
+3.441026 +695.203060 -2780.131800 +1174.452100 +0.000000 -90.000000 +0.000000 +18 +10
+3.455128 +702.593140 -2784.741500 +1174.452100 +0.000000 -90.000000 +0.000000 +18 +10
+3.469231 +709.930730 -2789.326900 +1174.452100 +0.000000 -90.000000 +0.000000 +18 +10
+3.483333 +717.216250 -2793.888400 +1174.452100 +0.000000 -90.000000 +0.000000 +18 +10
+3.497436 +724.450260 -2798.426000 +1174.452100 +0.000000 -90.000000 +0.000000 +18 +10
+3.511538 +731.633180 -2802.939900 +1174.452100 +0.000000 -90.000000 +0.000000 +18 +10
+3.525641 +738.763430 -2807.429000 +1174.452100 +0.000000 -90.000000 +0.000000 +18 +10
+3.539744 +745.833920 -2811.888400 +1174.452100 +0.000000 -90.000000 +0.000000 +18 +10
+3.553846 +752.835080 -2816.312000 +1174.452100 +0.000000 -90.000000 +0.000000 +18 +10
+3.567949 +759.757260 -2820.693600 +1174.452300 +0.000000 -90.000000 +0.000000 +18 +10
+3.582051 +766.591000 -2825.026900 +1174.452300 +0.000000 -90.000000 +0.000000 +18 +10
+3.596154 +773.327270 -2829.305700 +1174.452300 +0.000000 -90.000000 +0.000000 +18 +10
+3.610256 +779.956910 -2833.523900 +1174.452300 +0.000000 -90.000000 +0.000000 +18 +10
+3.624359 +786.471250 -2837.675800 +1174.452300 +0.000000 -90.000000 +0.000000 +18 +10
+3.638462 +792.861820 -2841.755600 +1174.452300 +0.000000 -90.000000 +0.000000 +18 +10
+3.652564 +799.120600 -2845.757600 +1174.452300 +0.000000 -90.000000 +0.000000 +18 +10
+3.666667 +805.239870 -2849.676500 +1174.452300 +0.000000 -90.000000 +0.000000 +18 +10
+3.680769 +811.212220 -2853.507300 +1174.452300 +0.000000 -90.000000 +0.000000 +18 +10
+3.694872 +817.030760 -2857.245100 +1174.452300 +0.000000 -90.000000 +0.000000 +18 +10
+3.708974 +822.688780 -2860.885000 +1174.452300 +0.000000 -90.000000 +0.000000 +18 +10
+3.723077 +828.180050 -2864.422600 +1174.452300 +0.000000 -90.000000 +0.000000 +18 +10
+3.737179 +833.498780 -2867.854000 +1174.452300 +0.000000 -90.000000 +0.000000 +18 +10
+3.751282 +838.639340 -2871.174600 +1174.452300 +0.000000 -90.000000 +0.000000 +18 +10
+3.765385 +843.596560 -2874.381100 +1174.452300 +0.000000 -90.000000 +0.000000 +18 +10
+3.779487 +848.365720 -2877.469700 +1174.452300 +0.000000 -90.000000 +0.000000 +18 +10
+3.793590 +852.942260 -2880.437000 +1174.452300 +0.000000 -90.000000 +0.000000 +18 +10
+3.807692 +857.322080 -2883.280000 +1174.452300 +0.000000 -90.000000 +0.000000 +18 +10
+3.821795 +861.501400 -2885.996100 +1174.452300 +0.000000 -90.000000 +0.000000 +18 +10
+3.835897 +865.476870 -2888.582000 +1174.452300 +0.000000 -90.000000 +0.000000 +18 +10
+3.850000 +869.245420 -2891.035900 +1174.452300 +0.000000 -90.000000 +0.000000 +18 +10
+3.864103 +872.804320 -2893.355500 +1174.452300 +0.000000 -90.000000 +0.000000 +18 +10
+3.878205 +876.151310 -2895.538800 +1174.452300 +0.000000 -90.000000 +0.000000 +18 +10
+3.892308 +879.284360 -2897.584200 +1174.452300 +0.000000 -90.000000 +0.000000 +18 +10
+3.906410 +882.201840 -2899.490500 +1174.452300 +0.000000 -90.000000 +0.000000 +18 +10
+3.920513 +884.902770 -2901.256600 +1174.452300 +0.000000 -90.000000 +0.000000 +18 +10
+3.934615 +887.390560 -2902.884000 +1174.452300 +0.000000 -90.000000 +0.000000 +18 +10
+3.948718 +889.673640 -2904.378900 +1174.452300 +0.000000 -90.000000 +0.000000 +18 +10
+3.962820 +891.761900 -2905.746600 +1174.452300 +0.000000 -90.000000 +0.000000 +18 +10
+3.976923 +893.665280 -2906.994100 +1174.452300 +0.000000 -90.000000 +0.000000 +18 +10
+3.991026 +895.393920 -2908.127400 +1174.452300 +0.000000 -90.000000 +0.000000 +18 +10
+4.005128 +896.958070 -2909.153300 +1174.452300 +0.000000 -90.000000 +0.000000 +18 +10
+4.019231 +898.368290 -2910.078900 +1174.452300 +0.000000 -90.000000 +0.000000 +18 +10
+4.033333 +899.634830 -2910.910200 +1174.452300 +0.000000 -90.000000 +0.000000 +18 +10
+4.047436 +900.767940 -2911.654300 +1174.452300 +0.000000 -90.000000 +0.000000 +18 +10
+4.061539 +901.777340 -2912.317100 +1174.452300 +0.000000 -90.000000 +0.000000 +18 +10
+4.075641 +902.672360 -2912.905000 +1174.452300 +0.000000 -90.000000 +0.000000 +18 +10
+4.089744 +903.462040 -2913.424100 +1174.452300 +0.000000 -90.000000 +0.000000 +18 +10
+4.103846 +904.154970 -2913.879400 +1174.452300 +0.000000 -90.000000 +0.000000 +18 +10
+4.117949 +904.759340 -2914.276600 +1174.452300 +0.000000 -90.000000 +0.000000 +18 +10
+4.132051 +905.283140 -2914.621100 +1174.452300 +0.000000 -90.000000 +0.000000 +18 +10
+4.146154 +905.733830 -2914.917200 +1174.452300 +0.000000 -90.000000 +0.000000 +18 +10
+4.160256 +906.118590 -2915.170400 +1174.452300 +0.000000 -90.000000 +0.000000 +18 +10
+4.174359 +906.444150 -2915.384500 +1174.452300 +0.000000 -90.000000 +0.000000 +18 +10
+4.188461 +906.716920 -2915.563700 +1174.452300 +0.000000 -90.000000 +0.000000 +18 +10
+4.202564 +906.942990 -2915.712400 +1174.452300 +0.000000 -90.000000 +0.000000 +18 +10
+4.216667 +907.127990 -2915.834200 +1174.452300 +0.000000 -90.000000 +0.000000 +18 +10
+4.230769 +907.277220 -2915.932400 +1174.452300 +0.000000 -90.000000 +0.000000 +18 +10
+4.244872 +907.395630 -2916.010300 +1174.452300 +0.000000 -90.000000 +0.000000 +18 +10
+4.258974 +907.487790 -2916.070800 +1174.452300 +0.000000 -90.000000 +0.000000 +18 +10
+4.273077 +907.557860 -2916.116900 +1174.452300 +0.000000 -90.000000 +0.000000 +18 +10
+4.287179 +907.609740 -2916.151100 +1174.452300 +0.000000 -90.000000 +0.000000 +18 +10
+4.301282 +907.646850 -2916.175500 +1174.452300 +0.000000 -90.000000 +0.000000 +18 +10
+4.315385 +907.672360 -2916.192100 +1174.452300 +0.000000 -90.000000 +0.000000 +18 +10
+4.329487 +907.688900 -2916.203100 +1174.452300 +0.000000 -90.000000 +0.000000 +18 +10
+4.343590 +907.698980 -2916.209700 +1174.452300 +0.000000 -90.000000 +0.000000 +18 +10
+4.357692 +907.704470 -2916.213400 +1174.452300 +0.000000 -90.000000 +0.000000 +18 +10
+4.371795 +907.707030 -2916.215100 +1174.452300 +0.000000 -90.000000 +0.000000 +18 +10
+4.385897 +907.707950 -2916.215800 +1174.452300 +0.000000 -90.000000 +0.000000 +18 +10
+4.400000 +907.708190 -2916.215800 +1174.452300 +0.000000 -90.000000 +0.000000 +18 +10
[END]
