[HEADER]
  GEAR_NOMINAL_VEL = 1.000000
  SAMPLING_MODE = CARTESIAN
  CRC = 4230818067
[RECORDS]
+0.000000 -1518.572600 -2138.653400 +1244.170800 -69.997600 +0.000000 +90.000000 +22 +50
+0.147100 -1514.952800 -2141.936100 +1253.747300 -69.293000 +0.350200 +89.880500 +22 +50
+0.294200 -1456.491700 -2140.472000 +1266.898100 -68.589000 +0.048300 +89.991800 +22 +50
+0.441300 -1339.881600 -2138.275400 +1290.872600 -67.883200 -0.729100 +90.244200 +22 +50
+0.588300 -1166.489700 -2132.789000 +1326.481900 -67.184100 -1.814000 +90.683600 +22 +50
+0.735400 -958.283200 -2122.143000 +1365.091800 -66.502900 -3.105500 +91.394500 +22 +50
+0.882500 -738.291200 -2099.413600 +1384.972500 -65.864800 -4.914300 +92.635500 +22 +50
+1.029600 -525.963300 -2056.477600 +1365.556100 -65.343400 -7.439800 +94.754000 +22 +50
+1.176700 -342.127300 -2002.742700 +1321.550100 -64.919800 -9.661000 +97.196300 +22 +50
+1.323800 -196.982600 -1949.886800 +1269.698600 -64.487600 -11.075900 +99.372200 +22 +50
+1.470800 -93.160700 -1911.753600 +1224.581900 -63.909600 -11.529300 +100.678700 +22 +50
+1.617900 -32.870500 -1923.916300 +1209.407100 -62.922400 -10.108800 +99.857500 +22 +50
+1.765000 -3.509800 -1986.400200 +1211.073700 -61.659800 -7.226300 +97.201900 +22 +50
+1.912100 +12.572700 -2068.294600 +1193.982000 -60.423300 -4.248300 +94.245800 +22 +50
+2.059200 +23.989700 -2150.408300 +1149.449500 -59.260300 -2.005600 +91.995600 +22 +50
+2.206300 +32.058700 -2227.195100 +1096.036200 -58.040000 -0.706800 +90.684600 +22 +50
+2.353300 +33.464300 -2303.065500 +1062.986500 -56.718600 -0.093400 +90.088100 +22 +50
+2.500400 +29.010500 -2379.883700 +1059.019500 -55.256000 +0.043800 +89.960200 +22 +50
+2.647500 +21.011500 -2459.564200 +1084.554900 -53.630700 -0.006100 +90.004700 +22 +50
+2.794600 +13.669300 -2541.507300 +1133.687900 -51.757300 -0.006000 +90.004000 +22 +50
+2.941700 +12.350700 -2618.925200 +1192.496500 -49.536900 -0.001100 +89.999200 +22 +50
+3.088800 +21.092300 -2687.662600 +1249.218800 -46.894000 +0.002900 +89.997500 +22 +50
+3.235800 +42.559300 -2745.450800 +1294.886300 -43.805100 +0.013000 +89.991000 +22 +50
+3.382900 +78.201700 -2789.916300 +1320.800500 -40.342000 -0.052800 +90.026000 +22 +50
+3.530000 +126.736500 -2819.313900 +1331.164600 -36.608000 +0.056100 +89.974600 +22 +50
+3.677100 +186.019400 -2827.415500 +1327.998800 -32.718600 +0.328400 +89.870500 +22 +50
+3.824200 +255.043700 -2800.129800 +1293.906500 -28.750300 -0.293800 +90.098500 +22 +50
+3.971300 +330.224700 -2741.018500 +1250.827200 -24.750800 -1.254100 +90.352700 +22 +50
+4.118300 +408.723000 -2664.084700 +1228.091600 -20.733700 -1.461800 +90.336600 +22 +50
+4.265400 +491.343200 -2580.788700 +1224.873200 -16.707800 -1.068100 +90.190300 +22 +50
+4.412500 +578.125700 -2498.105100 +1226.315000 -12.679800 -0.399800 +90.057300 +22 +50
+4.559600 +669.323700 -2420.256200 +1219.724800 -8.669400 +0.193500 +89.981000 +22 +50
+4.706700 +766.835500 -2350.402500 +1205.734900 -4.707900 +0.378200 +89.972400 +22 +50
+4.853800 +871.693900 -2294.515300 +1195.503600 -0.858900 +0.231600 +89.987400 +22 +50
+5.000900 +983.834400 -2258.721900 +1201.063600 +2.784300 +0.028600 +89.998300 +22 +50
+5.147900 +1100.454700 -2244.406900 +1226.880000 +6.115500 -0.023400 +90.001100 +22 +50
+5.295000 +1213.453200 -2242.983200 +1259.050500 +9.064200 +0.005200 +90.000100 +22 +50
+5.442100 +1312.965700 -2245.604500 +1279.719100 +11.618400 +0.001300 +90.000400 +22 +50
+5.589200 +1393.004700 -2246.294300 +1283.315000 +13.840100 +0.001100 +89.999000 +22 +50
+5.736300 +1451.937100 -2235.413300 +1271.432700 +15.825300 -0.003900 +89.999600 +22 +50
+5.883400 +1491.390300 -2202.634400 +1250.655500 +17.661500 -0.005800 +89.999300 +22 +50
+6.030400 +1514.896100 -2137.885800 +1229.738200 +19.397500 +0.038300 +90.002900 +22 +50
+6.177500 +1526.690300 -2033.430600 +1214.143700 +21.026300 -0.064800 +89.999100 +22 +50
+6.324600 +1532.031700 -1889.866500 +1213.808400 +22.519300 -0.073300 +89.998000 +22 +50
+6.471700 +1539.182700 -1724.801000 +1240.778100 +23.828400 +0.801000 +90.026800 +22 +50
+6.618800 +1547.855800 -1548.292100 +1279.991600 +24.938900 +1.624900 +90.028800 +22 +50
+6.765900 +1554.531500 -1372.329000 +1317.634000 +25.851900 +1.507400 +89.990500 +22 +50
+6.912900 +1559.533200 -1219.476800 +1352.287400 +26.601300 +0.736300 +89.978300 +22 +50
+7.060000 +1566.676600 -1114.881300 +1381.508700 +27.195300 +0.132800 +89.993800 +22 +50
+7.207100 +1578.614800 -1073.446300 +1398.982100 +27.571600 +0.134500 +89.991900 +22 +50
+7.354200 +1590.808200 -1095.107900 +1390.553700 +27.575700 +0.393200 +89.966500 +22 +50
+7.501300 +1597.788200 -1172.415300 +1345.043600 +26.983100 +0.366300 +89.992400 +22 +50
+7.648400 +1597.718100 -1299.016800 +1266.307800 +25.526100 +0.021500 +90.005500 +22 +50
+7.795400 +1595.190100 -1473.756500 +1175.513300 +22.959600 -0.070600 +89.884300 +22 +50
+7.942500 +1591.154200 -1687.670200 +1083.894800 +19.311800 +0.048200 +89.809400 +22 +50
+8.089600 +1581.944400 -1909.399800 +998.460100 +15.036300 -0.019200 +89.641000 +22 +50
+8.236700 +1566.531400 -2089.995400 +920.731300 +11.063100 -0.592500 +89.093800 +22 +50
+8.383800 +1552.223400 -2201.376100 +867.681900 +8.288200 -0.882700 +88.393500 +22 +50
+8.530900 +1550.292700 -2248.025000 +854.797200 +6.562200 -0.336100 +87.896300 +22 +50
+8.677900 +1568.318500 -2254.959300 +888.386900 +4.692000 +0.849900 +87.847200 +22 +50
[END]
