[HEADER]
  GEAR_NOMINAL_VEL = 1.000000
  CRC = 4230818067
[RECORDS]
+0.000000 +138.858600 -48.213080 +97.619840 -123.593700 +64.672170 +57.197110
+0.244828 +138.853700 -48.225480 +97.631090 -123.597800 +64.668900 +57.197980
+0.489655 +138.791700 -48.382930 +97.773810 -123.649600 +64.627220 +57.209020
+0.734483 +138.536200 -49.024970 +98.353020 -123.862700 +64.454110 +57.253230
+0.979310 +137.872200 -50.638470 +99.790010 -124.412700 +63.996670 +57.360220
+1.224138 +136.517200 -53.701580 +102.451800 -125.524700 +63.038340 +57.560670
+1.468966 +134.229600 -58.251540 +106.282500 -127.405800 +61.390450 +57.924290
+1.713793 +131.031100 -63.505140 +110.633600 -130.136300 +59.144400 +58.666000
+1.958621 +127.124000 -68.483690 +114.913600 -133.778500 +56.688250 +60.159810
+2.203448 +122.717800 -72.543900 +118.908600 -138.436200 +54.533720 +62.754050
+2.448276 +118.196400 -75.265500 +122.457700 -143.869100 +53.233760 +66.377980
+2.693103 +113.933900 -76.635470 +125.478200 -149.504400 +53.044220 +70.486440
+2.937931 +109.943800 -76.901350 +128.343300 -155.129000 +54.154810 +74.798620
+3.182759 +106.181600 -76.173630 +131.664600 -160.620300 +57.059010 +79.160200
+3.427586 +102.353600 -74.411980 +135.131800 -165.922800 +61.480790 +83.164050
+3.672414 +98.346580 -71.527530 +138.139300 -170.935600 +66.891820 +86.411280
+3.917241 +94.361860 -67.801120 +139.789300 -175.431700 +72.058040 +88.586870
+4.162069 +90.962490 -64.135350 +138.832400 -179.019800 +74.714100 +89.740880
+4.406897 +89.170620 -61.582090 +135.325900 -180.881700 +73.761060 +90.247570
+4.651724 +89.235020 -59.843990 +130.619200 -180.828700 +70.794030 +90.274430
+4.896552 +90.034460 -58.299950 +125.418800 -179.982500 +67.137510 +89.995410
+5.141379 +90.862820 -56.678390 +120.001100 -179.055800 +63.346160 +89.579040
+5.386207 +91.267270 -55.044990 +114.922700 -178.557700 +59.907280 +89.279930
+5.631034 +90.725330 -53.467040 +110.489700 -179.159100 +57.047950 +89.546670
+5.875862 +88.847120 -52.362700 +107.709600 -181.424500 +55.377580 +90.815080
+6.120690 +86.054890 -51.962600 +106.720200 -184.849200 +54.876120 +92.800980
+6.365517 +82.352220 -51.928170 +106.635400 -189.363900 +55.089340 +95.398580
+6.610345 +77.962100 -51.827670 +106.387700 -194.688700 +55.473370 +98.458970
+6.855172 +73.294750 -51.718620 +106.119000 -200.279300 +56.134320 +101.643400
+7.100000 +68.506880 -51.852360 +106.448200 -205.805200 +57.400520 +104.610400
+7.344828 +63.627780 -52.142200 +107.163300 -211.197800 +59.113790 +107.277100
+7.589655 +58.708300 -52.494240 +108.035000 -216.415600 +61.102100 +109.628700
+7.834483 +53.753840 -52.890720 +109.021100 -221.462700 +63.306710 +111.656200
+8.079310 +48.764310 -53.376470 +110.235700 -226.330200 +65.738900 +113.295200
+8.324138 +43.731740 -53.958930 +111.702700 -231.046100 +68.361920 +114.523400
+8.568966 +38.638190 -54.589010 +113.303500 -235.682000 +71.090220 +115.400100
+8.813793 +33.477550 -55.266930 +115.043900 -240.276300 +73.887930 +115.924300
+9.058621 +28.394790 -56.015760 +116.989800 -244.722600 +76.666210 +116.028500
+9.303448 +24.026000 -56.927130 +119.059400 -248.514600 +79.032980 +115.790000
+9.548276 +20.858440 -57.546250 +120.495800 -251.278500 +80.684310 +115.522000
+9.793103 +18.829040 -57.625800 +121.139900 -253.050800 +81.726920 +115.262300
+10.037930 +17.490590 -57.351800 +121.383500 -254.205600 +82.440330 +114.929800
+10.282760 +16.520160 -56.631720 +121.406700 -255.003600 +83.042250 +114.320000
+10.527590 +16.669450 -55.181290 +121.011500 -254.743300 +83.258370 +113.277700
+10.772410 +17.497610 -54.024850 +120.524200 -253.897700 +83.117810 +112.537600
+11.017240 +18.701290 -52.801350 +119.880800 -252.705800 +82.831000 +111.840300
+11.262070 +20.598700 -51.171660 +118.826800 -250.853000 +82.318690 +111.058200
+11.506900 +23.541470 -48.889500 +116.971300 -248.013800 +81.432350 +110.260900
+11.751720 +27.443680 -45.985160 +113.973000 -244.311800 +80.061770 +109.749600
+11.996550 +31.703070 -42.756680 +109.846500 -240.382000 +78.206620 +109.789400
+12.241380 +35.715710 -39.509140 +104.950000 -236.836700 +75.972950 +110.367900
+12.486210 +39.230670 -36.377420 +99.646410 -233.917900 +73.490970 +111.322300
+12.731030 +41.975550 -33.654350 +94.671040 -231.815500 +71.111150 +112.393700
+12.975860 +43.781480 -31.683040 +90.902670 -230.550000 +69.285080 +113.282400
+13.220690 +44.718220 -30.591040 +88.765530 -229.940500 +68.243230 +113.810600
+13.465520 +45.091240 -30.141230 +87.876080 -229.708200 +67.808660 +114.035100
+13.710340 +45.185810 -30.025750 +87.646920 -229.650300 +67.696620 +114.093400
+13.955170 +45.194210 -30.015460 +87.626490 -229.645200 +67.686630 +114.098700
+14.200000 +45.194220 -30.015450 +87.626480 -229.645200 +67.686620 +114.098700
[END]
