[HEADER]
  GEAR_NOMINAL_VEL = 1.000000
  CRC = 4230818067
[RECORDS]
  +0.000000 +138.064600 -57.625700 +128.338300 -145.866400 +73.840900 +80.209100
  +0.040900 +137.987700 -57.532100 +128.420600 -145.987200 +73.825700 +80.246100
  +0.081800 +137.926100 -57.450500 +128.443500 -145.995800 +73.828100 +80.200400
  +0.122800 +137.843400 -57.382800 +128.427100 -145.933000 +73.846900 +80.098300
  +0.163700 +137.703200 -57.330700 +128.391800 -145.839300 +73.880900 +79.965700
  +0.204600 +137.469200 -57.295900 +128.357900 -145.755400 +73.928900 +79.828900
  +0.245500 +137.104800 -57.280200 +128.345600 -145.722000 +73.989700 +79.713700
  +0.286400 +136.573800 -57.285400 +128.375300 -145.779600 +74.062200 +79.646300
  +0.327400 +135.839700 -57.313200 +128.467300 -145.969000 +74.145100 +79.652800
  +0.368300 +134.866200 -57.365400 +128.641800 -146.330800 +74.237300 +79.759200
  +0.409200 +133.642500 -57.443000 +128.915200 -146.903800 +74.336700 +79.988200
  +0.450100 +132.139600 -57.540300 +129.269700 -147.710500 +74.433800 +80.333300
  +0.491000 +130.320100 -57.648300 +129.669300 -148.762900 +74.515200 +80.772100
  +0.532000 +128.200400 -57.757700 +130.078100 -150.075000 +74.567600 +81.282500
  +0.572900 +125.826100 -57.859400 +130.459900 -151.655600 +74.577400 +81.842300
  +0.613800 +123.199700 -57.944000 +130.776000 -153.539400 +74.528500 +82.433300
  +0.654700 +120.355600 -58.001800 +130.979800 -155.653900 +74.397100 +83.048400
  +0.695600 +117.343700 -58.022600 +131.023200 -157.970500 +74.157700 +83.682900
  +0.736600 +114.213600 -57.996700 +130.858300 -160.451700 +73.785300 +84.331600
  +0.777500 +111.014600 -57.913800 +130.458100 -163.058100 +73.254900 +84.990200
  +0.818400 +107.783800 -57.761900 +129.777300 -165.755300 +72.552400 +85.663300
  +0.859300 +104.545600 -57.526700 +128.788300 -168.513500 +71.674200 +86.365600
  +0.900200 +101.323900 -57.193500 +127.533200 -171.303300 +70.617400 +87.111800
  +0.941200 +98.142500 -56.748100 +126.011800 -174.095300 +69.379100 +87.917000
  +0.982100 +95.028900 -56.179400 +124.238500 -176.858400 +67.961700 +88.793000
  +1.023000 +92.030800 -55.497100 +122.219300 -179.551800 +66.399800 +89.734000
  +1.063900 +89.204200 -54.718600 +119.973700 -182.131300 +64.740500 +90.727300
  +1.104800 +86.614700 -53.861400 +117.521600 -184.552400 +63.030400 +91.760300
  +1.145800 +84.287900 -52.943100 +114.882800 -186.771000 +61.316400 +92.820400
  +1.186700 +82.283200 -51.984900 +112.104300 -188.749600 +59.639200 +93.889000
  +1.227600 +80.567100 -51.016600 +109.287500 -190.465300 +58.027000 +94.936100
  +1.268500 +79.109700 -50.068500 +106.540600 -191.896700 +56.506500 +95.930400
  +1.309400 +77.881200 -49.171100 +103.981700 -193.022500 +55.104500 +96.840300
  +1.350400 +76.852000 -48.353700 +101.683900 -193.824900 +53.846200 +97.635700
  +1.391300 +75.997700 -47.629000 +99.708500 -194.336900 +52.739000 +98.306400
  +1.432200 +75.297500 -46.997300 +98.022600 -194.630200 +51.776200 +98.857300
  +1.473100 +74.730800 -46.458300 +96.602400 -194.777000 +50.950900 +99.293300
  +1.514000 +74.276900 -46.012100 +95.423700 -194.850000 +50.256200 +99.619500
  +1.555000 +73.914200 -45.653800 +94.455500 -194.912300 +49.680600 +99.846400
  +1.595900 +73.616700 -45.358900 +93.637700 -194.988200 +49.193700 +100.006900
  +1.636800 +73.357400 -45.097500 +92.902600 -195.091900 +48.760200 +100.139800
  +1.677700 +73.109300 -44.840000 +92.182200 -195.237300 +48.344700 +100.284100
  +1.718600 +72.845300 -44.556600 +91.409400 -195.438700 +47.911900 +100.478300
  +1.759600 +72.550400 -44.228100 +90.541700 -195.710500 +47.438100 +100.749500
  +1.800500 +72.226400 -43.850100 +89.573400 -196.067400 +46.915700 +101.107900
  +1.841400 +71.876500 -43.419500 +88.501800 -196.524400 +46.338800 +101.562100
  +1.882300 +71.504000 -42.933200 +87.324100 -197.096400 +45.701100 +102.121000
  +1.923200 +71.112500 -42.389400 +86.043700 -197.793400 +44.999300 +102.789700
  +1.964200 +70.711000 -41.800100 +84.722600 -198.580400 +44.256100 +103.539100
  +2.005100 +70.311300 -41.184700 +83.454700 -199.397600 +43.508700 +104.321700
  +2.046000 +69.925100 -40.562700 +82.324200 -200.184800 +42.794000 +105.089700
  +2.086900 +69.564100 -39.953700 +81.455300 -200.882000 +42.149200 +105.795200
  +2.127800 +69.238100 -39.375300 +80.853600 -201.444000 +41.604600 +106.399800
  +2.168800 +68.950300 -38.840500 +80.429000 -201.870000 +41.169200 +106.893000
  +2.209700 +68.703000 -38.361300 +80.020500 -202.167300 +40.848700 +107.269700
  +2.250600 +68.498300 -37.949600 +79.710900 -202.343300 +40.648500 +107.524700
  +2.291500 +68.338400 -37.617500 +79.600800 -202.405400 +40.553900 +107.652600
  +2.332400 +68.225500 -37.376800 +79.589100 -202.361000 +40.450400 +107.648200
  +2.373400 +68.161900 -37.239500 +79.622700 -202.217500 +40.323500 +107.696400
  +2.414300 +68.149600 -37.217700 +79.596200 -202.182100 +40.258500 +107.721800
  +2.424300 +68.149600 -37.217700 +79.596200 -202.182100 +40.258500 +107.721800
[END]
