0.050506
0.050506
0.050506
0.050506
0.050506
0.050506
0.050506
0.050506
0.050506
0.050506
0.050506
0.050506
0.050506
0.050506
0.050506
0.050506
0.050506
0.050506
0.050506
0.050506
0.050506
0.050506
0.050506
0.050506
0.050506
0.050506
0.050506
0.050506
0.050506
0.050506
0.050506
0.050506
0.050506
0.050506
0.050506
0.050506
0.050506
0.050506
0.050506
0.050506
0.050506
0.050506
0.050506
0.050506
0.050506
0.050506
0.050506
0.050506
0.050506
0.050506
0.050506
0.050506
0.050506
0.050506
0.050506
0.050506
0.050506
0.050506
0.050506
0.050506
0.050506
0.050506
0.050506
0.050506
0.050506
0.050506
0.050506
0.050506
0.050506
0.050506
0.050506
0.050506
0.050506
0.050506
0.050506
0.050506
0.050506
0.050506
0.050506
