[HEADER]
  GEAR_NOMINAL_VEL = 1.000000
  SAMPLING_MODE = CARTESIAN
  CRC = 4230818067
[RECORDS]
+0.000000 -1437.242200 -1650.752900 +1349.164400 -123.360000 +0.000000 +90.000000 +22 +50
+0.097000 -1435.530900 -1650.838000 +1348.954000 -119.619900 +7.609800 +89.464300 +22 +50
+0.193900 -1416.612300 -1658.793200 +1348.369800 -117.695800 +15.883300 +89.263800 +22 +50
+0.290900 -1370.620600 -1680.612200 +1347.466100 -115.877400 +23.116400 +89.115200 +22 +50
+0.387800 -1291.498000 -1720.991800 +1346.323500 -113.979100 +27.330100 +89.000400 +22 +50
+0.484800 -1177.761800 -1783.344200 +1345.548600 -112.081300 +27.513400 +88.923500 +22 +50
+0.581800 -1031.279100 -1868.785500 +1345.723300 -110.151700 +25.667300 +88.879700 +22 +50
+0.678700 -856.694100 -1976.580100 +1347.406100 -108.197500 +19.793500 +88.866800 +22 +50
+0.775700 -661.877400 -2102.336600 +1350.715800 -106.221600 +12.884200 +88.884000 +22 +50
+0.872600 -452.205900 -2243.560600 +1355.385800 -104.192400 +4.946300 +88.924100 +22 +50
+0.969600 -231.792000 -2394.998200 +1360.186700 -102.061900 -3.967900 +88.992500 +22 +50
+1.066500 -14.279900 -2542.703800 +1362.744700 -99.878700 -11.953500 +89.079700 +22 +50
+1.163500 +195.335100 -2674.953500 +1360.274500 -97.622500 -17.897200 +89.185400 +22 +50
+1.260500 +390.547600 -2783.321900 +1351.584400 -95.285000 -21.796800 +89.304900 +22 +50
+1.357400 +564.561800 -2864.121300 +1337.384300 -92.851500 -23.648500 +89.434400 +22 +50
+1.454400 +710.358900 -2917.654900 +1319.838400 -90.304600 -22.448300 +89.568700 +22 +50
+1.551300 +821.628700 -2947.620700 +1302.120900 -87.621100 -19.191200 +89.701600 +22 +50
+1.648300 +894.153200 -2960.293500 +1287.760100 -84.769600 -14.870500 +89.825500 +22 +50
+1.745300 +928.106300 -2963.403400 +1279.691900 -81.705500 -7.477900 +89.929400 +22 +50
+1.842200 +933.939300 -2963.811300 +1277.857800 -78.360000 +0.000000 +90.000000 +22 +50
[END]
