[HEADER]
  GEAR_NOMINAL_VEL = 1.000000
  SAMPLING_MODE = CARTESIAN
  CRC = 4230818067
[RECORDS]
+0.000000 -1518.572600 -2138.653400 +1244.170800 -69.997600 +0.000000 +90.000000 +22 +50
+0.147500 -1509.285200 -2138.786800 +1247.564900 -69.292300 +11.170900 +90.000000 +22 +50
+0.294900 -1456.915700 -2140.531100 +1265.977000 -68.584600 +12.102500 +90.000000 +22 +50
+0.442400 -1345.766000 -2144.288900 +1304.858600 -67.876300 +10.175200 +90.000000 +22 +50
+0.589800 -1182.051100 -2149.441400 +1361.488300 -67.167000 +5.399700 +90.000000 +22 +50
+0.737300 -985.510500 -2154.756000 +1427.244800 -66.455600 -0.942700 +90.000000 +22 +50
+0.884700 -780.962800 -2158.820100 +1489.786100 -65.740700 -6.743700 +90.000000 +22 +50
+1.032200 -589.513600 -2160.517200 +1535.414100 -65.021100 -10.522700 +90.000000 +22 +50
+1.179700 -421.776700 -2159.129600 +1554.279400 -64.295100 -12.498800 +90.000000 +22 +50
+1.327100 -284.540100 -2154.317900 +1549.144800 -63.559900 -12.857600 +90.000000 +22 +50
+1.474600 -179.687700 -2148.280300 +1521.183200 -62.808300 -11.899200 +90.000000 +22 +50
+1.622000 -103.825300 -2145.214900 +1468.506700 -62.023900 -10.087700 +90.000000 +22 +50
+1.769500 -50.641300 -2149.955300 +1390.537900 -61.179500 -7.988700 +90.000000 +22 +50
+1.916900 -13.343800 -2166.732800 +1292.550400 -60.241700 -6.385400 +90.000000 +22 +50
+2.064400 +12.810500 -2198.286000 +1190.186600 -59.181900 -5.715400 +90.000000 +22 +50
+2.211900 +28.407100 -2245.594100 +1108.669400 -57.987100 -5.380100 +90.000000 +22 +50
+2.359300 +32.992700 -2308.009800 +1063.898900 -56.658200 -4.909000 +90.000000 +22 +50
+2.506800 +28.904600 -2382.328300 +1058.569600 -55.191500 -4.047800 +90.000000 +22 +50
+2.654200 +20.578400 -2463.438300 +1086.561900 -53.551900 -2.788300 +90.000000 +22 +50
+2.801700 +13.379900 -2545.455900 +1136.578000 -51.660900 -1.368400 +90.000000 +22 +50
+2.949200 +12.494800 -2622.762900 +1195.558300 -49.416500 -0.082400 +90.000000 +22 +50
+3.096600 +21.893100 -2690.913900 +1251.958500 -46.739900 +0.843900 +90.000000 +22 +50
+3.244100 +44.174000 -2748.104000 +1296.667300 -43.621400 +1.257000 +90.000000 +22 +50
+3.391500 +80.591000 -2792.644600 +1323.052600 -40.128500 +1.045600 +90.000000 +22 +50
+3.539000 +130.216200 -2819.827300 +1329.740000 -36.373700 +0.358900 +90.000000 +22 +50
+3.686400 +190.720000 -2823.914400 +1319.633700 -32.466900 -0.460900 +90.000000 +22 +50
+3.833900 +259.295400 -2800.441400 +1298.575100 -28.485800 -1.085500 +90.000000 +22 +50
+3.981400 +333.565500 -2748.454700 +1274.048900 -24.472200 -1.338200 +90.000000 +22 +50
+4.128800 +412.465300 -2672.818700 +1253.953100 -20.444000 -1.355900 +90.000000 +22 +50
+4.276300 +496.472500 -2585.306700 +1243.040300 -16.408600 -1.355100 +90.000000 +22 +50
+4.423700 +584.583100 -2495.771000 +1231.789100 -12.373500 -1.271200 +90.000000 +22 +50
+4.571200 +676.873700 -2411.853800 +1215.420600 -8.355200 -0.823300 +90.000000 +22 +50
+4.718600 +775.047100 -2340.811100 +1199.082500 -4.389800 -0.399500 +90.000000 +22 +50
+4.866100 +880.726000 -2288.197500 +1192.128100 -0.544000 -0.723900 +90.000000 +22 +50
+5.013600 +993.777300 -2256.520400 +1202.270300 +3.085700 -1.950300 +90.000000 +22 +50
+5.161000 +1110.723100 -2243.917300 +1229.727800 +6.395100 -3.926900 +90.000000 +22 +50
+5.308500 +1223.345400 -2243.068000 +1261.755200 +9.314000 -5.924700 +90.000000 +22 +50
+5.455900 +1321.413500 -2245.837300 +1280.873400 +11.840400 -6.549200 +90.000000 +22 +50
+5.603400 +1399.607300 -2245.839900 +1282.695100 +14.040300 -5.369800 +90.000000 +22 +50
+5.750800 +1456.707800 -2233.436100 +1269.720100 +16.012400 -2.833400 +90.000000 +22 +50
+5.898300 +1494.454700 -2197.704600 +1248.442300 +17.842100 +0.204000 +90.000000 +22 +50
+6.045800 +1516.547500 -2128.826100 +1227.230000 +19.571300 +2.768800 +90.000000 +22 +50
+6.193200 +1527.686000 -2020.517300 +1214.299800 +21.193800 +4.044700 +90.000000 +22 +50
+6.340700 +1532.712500 -1872.797700 +1215.754000 +22.672000 +3.328300 +90.000000 +22 +50
+6.488100 +1535.785200 -1694.963500 +1233.566800 +23.964100 +0.550700 +90.000000 +22 +50
+6.635600 +1539.683700 -1507.599000 +1264.669400 +25.051500 -3.515700 +90.000000 +22 +50
+6.783100 +1546.219100 -1334.843300 +1305.510600 +25.947500 -7.782900 +90.000000 +22 +50
+6.930500 +1555.733400 -1195.980700 +1348.796500 +26.680500 -11.620200 +90.000000 +22 +50
+7.078000 +1567.239100 -1105.025200 +1383.472300 +27.253200 -14.752700 +90.000000 +22 +50
+7.225400 +1579.027100 -1070.802900 +1397.717300 +27.596400 -16.572900 +90.000000 +22 +50
+7.372900 +1589.134300 -1096.950000 +1382.161800 +27.541400 -16.621400 +90.000000 +22 +50
+7.520300 +1595.716900 -1181.976000 +1332.977900 +26.841600 -14.805600 +90.000000 +22 +50
+7.667800 +1597.533500 -1319.564000 +1254.667100 +25.256300 -11.152800 +90.000000 +22 +50
+7.815300 +1594.529200 -1499.729700 +1161.617900 +22.662600 -6.502900 +90.000000 +22 +50
+7.962700 +1587.719500 -1711.960200 +1067.534900 +19.121000 -2.142500 +90.000000 +22 +50
+8.110200 +1578.929500 -1933.329300 +981.993700 +14.845000 +0.870100 +90.000000 +22 +50
+8.257600 +1570.389000 -2131.134500 +913.359000 +10.100000 +1.338900 +90.000000 +22 +50
+8.405100 +1564.125000 -2275.531800 +866.971400 +5.108600 -1.374200 +90.000000 +22 +50
+8.552500 +1561.339500 -2351.524900 +843.358200 +0.011800 -5.643900 +90.000000 +22 +50
+8.700000 +1561.634000 -2370.323600 +836.462500 -5.117100 -10.000000 +90.000000 +22 +50
[END]


true
stable state found
Calculation time[s] 882.799003
LimitWaterLVL[m] 0.400000
WaterLVL at time zero[m] -0.061623
Timestep[s] | HighestPointXYZ[m] | AngleToY[°] | Distance[m] | AngleX[°] | AngleY[°]
0.000000 0.002589 -0.063194 0.000000 177.653506 0.400000 -0.058638 -0.008053
0.147500 0.043827 -0.011377 -0.006055 104.552266 0.389899 -13.747249 0.155262
0.295000 -0.052957 0.029083 0.028910 298.774475 0.373792 -46.090348 1.001307
0.442500 0.046030 -0.000083 0.005888 90.103775 0.379788 -14.693423 0.535485
0.590000 0.020002 0.000165 0.000817 89.526795 0.395530 -12.299192 -0.360225
0.737500 -0.039585 -0.049580 0.014266 218.604210 0.384982 -14.184445 0.096707
0.885000 0.047307 -0.052263 0.016243 137.849599 0.386187 21.851790 -0.704897
1.032500 -0.001300 -0.063905 0.002055 181.165395 0.390004 22.948880 -0.662595
1.180000 -0.035176 -0.010527 0.009622 253.339168 0.373325 9.605854 -1.068392
1.327500 0.058567 -0.047086 0.015258 128.798409 0.386871 32.405408 -0.001708
1.475000 0.067985 -0.004955 0.016608 94.168224 0.388934 25.271529 0.017858
1.622500 -0.040257 0.020120 0.006557 296.555828 0.380867 6.100464 2.441000
1.770000 0.053059 0.026625 0.013368 63.352853 0.390734 17.766931 4.413326
1.917500 0.016241 0.047563 0.004703 18.853096 0.395521 14.300602 3.769315
2.065000 -0.040913 -0.006975 0.006189 260.324613 0.387721 -1.702476 3.823013
2.212500 0.050260 -0.036855 0.007314 126.252108 0.394847 15.527713 4.609055
2.360000 -0.043355 0.002363 -0.000781 273.119735 0.395748 6.494891 2.092537
2.507500 -0.045727 0.021087 0.004179 294.756783 0.392094 0.031074 2.180636
2.655000 0.063159 -0.015114 0.006722 103.457849 0.395551 11.089223 1.191645
2.802500 -0.028682 -0.053896 0.006696 208.020706 0.392137 -5.861106 -2.374400
2.950000 -0.052197 0.012151 0.003782 283.104558 0.396154 -4.112212 -1.293970
3.097500 0.057354 -0.032005 0.002959 119.162636 0.396408 2.184568 -2.962526
3.245000 -0.054257 0.003160 0.008506 273.333217 0.392435 -11.648876 -5.361534
3.392500 -0.054384 0.003687 0.004636 273.878471 0.396126 -7.387467 -3.411495
3.540000 -0.009599 -0.065145 0.003895 188.382116 0.396374 2.443073 -6.818484
3.687500 0.015227 -0.064834 0.010963 166.782978 0.388804 -6.089540 -11.022243
3.835000 0.001032 -0.065463 0.003675 179.096828 0.395446 -2.044796 -6.462239
3.982500 0.004572 -0.063566 0.007030 175.886071 0.391878 5.229281 -6.653894
4.130000 -0.046238 -0.020319 0.005852 246.277212 0.392962 -3.562625 -6.417811
4.277500 -0.046775 -0.015925 0.001692 251.198363 0.397237 0.038448 2.931460
4.425000 0.054154 -0.035238 0.001044 123.052048 0.398841 4.169776 1.104820
4.572500 -0.045986 -0.024226 0.002717 242.219178 0.396621 -3.115377 0.072160
4.720000 0.000750 0.056007 0.007383 0.767212 0.392966 -2.909455 9.202761
4.867500 0.047711 0.039009 0.003546 50.730217 0.397096 1.129903 3.724219
5.015000 -0.044570 -0.018840 0.002177 247.085935 0.396538 -1.838218 3.419017
5.162500 0.010704 0.051901 0.007828 11.653116 0.394878 4.030146 7.653229
5.310000 0.054042 -0.045715 0.005261 130.228420 0.389028 11.711064 -1.195532
5.457500 0.059374 -0.040011 0.006174 123.975274 0.387700 12.908748 -2.320548
5.605000 0.044980 -0.050333 0.003670 138.214487 0.390343 11.339142 0.258948
5.752500 0.052070 -0.044419 0.013168 130.466274 0.384348 10.018098 -9.560379
5.900000 0.039743 -0.046182 0.010546 139.285589 0.389611 4.149314 -10.449167
6.047500 0.020080 -0.046444 0.005887 156.619004 0.395889 -1.632710 -6.560282
6.195000 0.044551 -0.041057 0.011515 132.663109 0.390479 -1.424632 -14.505940
6.342500 0.021965 -0.044188 0.005880 153.568918 0.396077 -3.478431 -7.601724
6.490000 -0.044988 0.001144 0.000268 271.456661 0.399673 -1.608215 -1.085673
6.637500 0.046884 -0.026657 0.002476 119.621413 0.394894 4.717785 -0.102475
6.785000 -0.018322 0.051429 0.012329 340.391145 0.391284 6.449971 11.498483
6.932500 0.009834 0.056498 0.016619 9.873938 0.386596 10.036156 14.242208
7.080000 0.046988 -0.026738 -0.002322 119.641560 0.380794 16.413562 13.460111
7.227500 0.040410 0.056559 0.024711 35.544864 0.374167 16.432652 21.512662
7.375000 0.040443 0.055677 0.024291 35.994134 0.374281 17.234389 20.591492
7.522500 0.065360 -0.013981 0.001075 102.074042 0.380144 17.928937 13.733698
7.670000 0.043344 0.048760 0.013233 41.634706 0.388087 12.037151 14.434798
7.817500 0.030178 0.053916 0.009143 29.236722 0.394284 6.353923 9.577744
7.965000 0.056718 -0.006553 -0.000080 96.590533 0.399588 3.416412 2.621845
8.112500 -0.035112 -0.044878 0.002878 218.039193 0.397803 -1.564054 -4.399192
8.260000 -0.035722 -0.043666 0.010791 219.285370 0.390252 -3.302833 -14.346510
8.407500 0.035182 -0.056064 0.015148 147.890380 0.383659 1.139131 -17.055945
8.555000 0.035338 -0.059098 0.017243 149.122436 0.376628 4.524335 -15.807903