[HEADER]
  GEAR_NOMINAL_VEL = 1.000000
  SAMPLING_MODE = CARTESIAN
  CRC = 4230818067
[RECORDS]
+0.000000 -1518.572600 -2138.653400 +1244.170800 -69.997600 +0.000000 +90.000000 +22 +50
+0.147500 -1509.285200 -2138.786800 +1247.564900 -69.292300 +11.170900 +90.000000 +22 +50
+0.294900 -1456.915700 -2140.531100 +1265.977000 -68.584600 +12.102500 +90.000000 +22 +50
+0.442400 -1345.766000 -2144.288900 +1304.858600 -67.876300 +10.175200 +90.000000 +22 +50
+0.589800 -1182.051100 -2149.441400 +1361.488300 -67.167000 +5.399700 +90.000000 +22 +50
+0.737300 -985.510500 -2154.756000 +1427.244800 -66.455600 -0.942700 +90.000000 +22 +50
+0.884700 -780.962800 -2158.820100 +1489.786100 -65.740700 -6.743700 +90.000000 +22 +50
+1.032200 -589.513600 -2160.517200 +1535.414100 -65.021100 -10.522700 +90.000000 +22 +50
+1.179700 -421.776700 -2159.129600 +1554.279400 -64.295100 -12.498800 +90.000000 +22 +50
+1.327100 -284.540100 -2154.317900 +1549.144800 -63.559900 -12.857600 +90.000000 +22 +50
+1.474600 -179.687700 -2148.280300 +1521.183200 -62.808300 -11.899200 +90.000000 +22 +50
+1.622000 -103.825300 -2145.214900 +1468.506700 -62.023900 -10.087700 +90.000000 +22 +50
+1.769500 -50.641300 -2149.955300 +1390.537900 -61.179500 -7.988700 +90.000000 +22 +50
+1.916900 -13.343800 -2166.732800 +1292.550400 -60.241700 -6.385400 +90.000000 +22 +50
+2.064400 +12.810500 -2198.286000 +1190.186600 -59.181900 -5.715400 +90.000000 +22 +50
+2.211900 +28.407100 -2245.594100 +1108.669400 -57.987100 -5.380100 +90.000000 +22 +50
+2.359300 +32.992700 -2308.009800 +1063.898900 -56.658200 -4.909000 +90.000000 +22 +50
+2.506800 +28.904600 -2382.328300 +1058.569600 -55.191500 -4.047800 +90.000000 +22 +50
+2.654200 +20.578400 -2463.438300 +1086.561900 -53.551900 -2.788300 +90.000000 +22 +50
+2.801700 +13.379900 -2545.455900 +1136.578000 -51.660900 -1.368400 +90.000000 +22 +50
+2.949200 +12.494800 -2622.762900 +1195.558300 -49.416500 -0.082400 +90.000000 +22 +50
+3.096600 +21.893100 -2690.913900 +1251.958500 -46.739900 +0.843900 +90.000000 +22 +50
+3.244100 +44.174000 -2748.104000 +1296.667300 -43.621400 +1.257000 +90.000000 +22 +50
+3.391500 +80.591000 -2792.644600 +1323.052600 -40.128500 +1.045600 +90.000000 +22 +50
+3.539000 +130.216200 -2819.827300 +1329.740000 -36.373700 +0.358900 +90.000000 +22 +50
+3.686400 +190.720000 -2823.914400 +1319.633700 -32.466900 -0.460900 +90.000000 +22 +50
+3.833900 +259.295400 -2800.441400 +1298.575100 -28.485800 -1.085500 +90.000000 +22 +50
+3.981400 +333.565500 -2748.454700 +1274.048900 -24.472200 -1.338200 +90.000000 +22 +50
+4.128800 +412.465300 -2672.818700 +1253.953100 -20.444000 -1.355900 +90.000000 +22 +50
+4.276300 +496.472500 -2585.306700 +1243.040300 -16.408600 -1.355100 +90.000000 +22 +50
+4.423700 +584.583100 -2495.771000 +1231.789100 -12.373500 -1.271200 +90.000000 +22 +50
+4.571200 +676.873700 -2411.853800 +1215.420600 -8.355200 -0.823300 +90.000000 +22 +50
+4.718600 +775.047100 -2340.811100 +1199.082500 -4.389800 -0.399500 +90.000000 +22 +50
+4.866100 +880.726000 -2288.197500 +1192.128100 -0.544000 -0.723900 +90.000000 +22 +50
+5.013600 +993.777300 -2256.520400 +1202.270300 +3.085700 -1.950300 +90.000000 +22 +50
+5.161000 +1110.723100 -2243.917300 +1229.727800 +6.395100 -3.926900 +90.000000 +22 +50
+5.308500 +1223.345400 -2243.068000 +1261.755200 +9.314000 -5.924700 +90.000000 +22 +50
+5.455900 +1321.413500 -2245.837300 +1280.873400 +11.840400 -6.549200 +90.000000 +22 +50
+5.603400 +1399.607300 -2245.839900 +1282.695100 +14.040300 -5.369800 +90.000000 +22 +50
+5.750800 +1456.707800 -2233.436100 +1269.720100 +16.012400 -2.833400 +90.000000 +22 +50
+5.898300 +1494.454700 -2197.704600 +1248.442300 +17.842100 +0.204000 +90.000000 +22 +50
+6.045800 +1516.547500 -2128.826100 +1227.230000 +19.571300 +2.768800 +90.000000 +22 +50
+6.193200 +1527.686000 -2020.517300 +1214.299800 +21.193800 +4.044700 +90.000000 +22 +50
+6.340700 +1532.712500 -1872.797700 +1215.754000 +22.672000 +3.328300 +90.000000 +22 +50
+6.488100 +1535.785200 -1694.963500 +1233.566800 +23.964100 +0.550700 +90.000000 +22 +50
+6.635600 +1539.683700 -1507.599000 +1264.669400 +25.051500 -3.515700 +90.000000 +22 +50
+6.783100 +1546.219100 -1334.843300 +1305.510600 +25.947500 -7.782900 +90.000000 +22 +50
+6.930500 +1555.733400 -1195.980700 +1348.796500 +26.680500 -11.620200 +90.000000 +22 +50
+7.078000 +1567.239100 -1105.025200 +1383.472300 +27.253200 -14.752700 +90.000000 +22 +50
+7.225400 +1579.027100 -1070.802900 +1397.717300 +27.596400 -16.572900 +90.000000 +22 +50
+7.372900 +1589.134300 -1096.950000 +1382.161800 +27.541400 -16.621400 +90.000000 +22 +50
+7.520300 +1595.716900 -1181.976000 +1332.977900 +26.841600 -14.805600 +90.000000 +22 +50
+7.667800 +1597.533500 -1319.564000 +1254.667100 +25.256300 -11.152800 +90.000000 +22 +50
+7.815300 +1594.529200 -1499.729700 +1161.617900 +22.662600 -6.502900 +90.000000 +22 +50
+7.962700 +1587.719500 -1711.960200 +1067.534900 +19.121000 -2.142500 +90.000000 +22 +50
+8.110200 +1578.929500 -1933.329300 +981.993700 +14.845000 +0.870100 +90.000000 +22 +50
+8.257600 +1570.389000 -2131.134500 +913.359000 +10.100000 +1.338900 +90.000000 +22 +50
+8.405100 +1564.125000 -2275.531800 +866.971400 +5.108600 -1.374200 +90.000000 +22 +50
+8.552500 +1561.339500 -2351.524900 +843.358200 +0.011800 -5.643900 +90.000000 +22 +50
+8.700000 +1561.634000 -2370.323600 +836.462500 -5.117100 -10.000000 +90.000000 +22 +50
[END]


true
stable state found
Calculation time[s] 914.368635
LimitWaterLVL[m] 0.400000
WaterLVL at time zero[m] -0.061623
Timestep[s] | HighestPointXYZ[m] | AngleToY[°] | Distance[m] | AngleX[°] | AngleY[°]
0.000000 0.002589 -0.063194 0.000000 177.653506 0.400000 -0.058638 -0.008053
0.147500 0.043827 -0.011377 -0.006055 104.552266 0.389899 -14.041679 0.167453
0.295000 -0.051260 0.032232 0.028142 302.161430 0.374170 -45.838896 1.093680
0.442500 0.046305 -0.000203 0.009686 90.251528 0.376002 -14.250435 0.410313
0.590000 0.013898 0.002058 0.001331 81.574939 0.395584 -13.093817 -0.275469
0.737500 -0.039585 -0.049580 0.014266 218.604210 0.384982 -13.633214 0.146262
0.885000 0.041645 -0.052672 0.015642 141.668578 0.386117 22.963063 -0.807899
1.032500 -0.006378 -0.063046 0.001078 185.776594 0.390054 20.763662 -1.194937
1.180000 -0.035566 -0.006617 0.009536 259.460241 0.373409 9.565800 -0.835692
1.327500 0.069257 -0.020471 0.021768 106.466866 0.383552 33.910079 -0.300792
1.475000 0.065595 -0.032778 0.012124 116.551353 0.392114 24.166097 -0.357203
1.622500 -0.040797 0.016304 0.006472 291.783392 0.380764 5.299926 2.682752
1.770000 0.064749 -0.007602 0.015397 96.695933 0.389601 21.018134 4.500669
1.917500 -0.018349 0.041504 0.000856 336.149939 0.395438 12.417517 3.933400
2.065000 -0.038663 -0.018636 0.006417 244.265291 0.387497 -2.722529 3.974476
2.212500 0.062820 -0.004566 0.012583 94.157168 0.391383 18.044272 4.600963
2.360000 -0.022905 -0.060036 0.001260 200.882908 0.394185 2.377651 1.766409
2.507500 -0.046837 0.017606 0.003671 290.601210 0.392462 1.419292 2.546104
2.655000 0.054809 0.017422 0.009858 72.366231 0.392477 11.820147 0.691600
2.802500 -0.047612 0.018156 0.010070 290.873472 0.388876 -9.776234 -2.659186
2.950000 0.019903 -0.060467 0.000339 161.780795 0.399657 -1.417781 -0.650856
3.097500 0.057354 -0.032005 0.002959 119.162636 0.396408 3.166592 -3.645418
3.245000 -0.053987 0.010806 0.012383 281.318708 0.388480 -15.378166 -5.817833
3.392500 -0.010594 -0.063319 0.003200 189.498269 0.397477 -4.413143 -1.731824
3.540000 0.042031 -0.049123 0.006867 139.448787 0.393076 3.705110 -7.177854
3.687500 -0.005093 -0.063752 0.014683 184.567527 0.384960 -9.842048 -11.569126
3.835000 0.001032 -0.065463 0.003675 179.096828 0.395446 0.445254 -4.273436
3.982500 0.005692 -0.065411 0.007169 175.026706 0.391727 6.520848 -7.942036
4.130000 -0.046358 -0.020351 0.009662 246.298694 0.389151 -6.964042 -7.223235
4.277500 0.051385 0.032586 0.004270 57.619012 0.396961 1.553748 4.829817
4.425000 0.031664 -0.055043 0.003662 150.089932 0.395585 4.219525 -0.071951
4.572500 -0.047976 -0.020872 0.006641 246.488509 0.392727 -6.132461 0.029786
4.720000 0.013440 0.054808 0.010908 13.778174 0.389469 -0.572546 11.138893
4.867500 0.028121 -0.044305 -0.000430 147.596135 0.399999 1.081120 1.550428
5.015000 -0.044570 0.004330 0.005973 275.548903 0.393498 -4.293817 4.332132
5.162500 0.045774 0.043983 0.010058 46.142991 0.392691 6.669132 8.474344
5.310000 0.057072 -0.042572 0.009064 126.720544 0.385622 12.029891 -4.318462
5.457500 0.027564 -0.049832 0.002240 151.051328 0.389985 10.557147 -0.489640
5.605000 0.056700 -0.041629 0.004734 126.286023 0.390208 13.001389 1.668846
5.752500 0.052070 -0.044419 0.013168 130.466274 0.384348 10.206866 -12.183243
5.900000 0.008253 -0.046430 0.006837 169.920864 0.393324 1.882181 -8.751230
6.047500 0.018410 -0.044524 0.005958 157.535828 0.395726 0.578907 -5.783106
6.195000 0.018921 -0.043372 0.013207 156.430948 0.388916 -1.404564 -17.076428
6.342500 -0.027895 -0.045230 0.004948 211.663657 0.396933 -5.321542 -5.035733
6.490000 -0.043998 -0.010120 0.000172 257.046667 0.399877 -0.022504 -2.276139
6.637500 0.044914 -0.035050 0.002464 127.967775 0.394405 4.253371 -0.906515
6.785000 0.002918 0.056953 0.015334 2.932998 0.388753 4.873929 13.814101
6.932500 0.058634 -0.002678 0.002426 92.615062 0.387516 12.179894 12.707359
7.080000 0.037868 -0.020928 -0.000820 118.927524 0.381103 15.726619 12.511009
7.227500 0.044900 0.054809 0.025964 39.324626 0.372302 15.040670 24.429863
7.375000 0.062253 0.041777 0.018432 56.135065 0.375135 19.626519 18.819953
7.522500 0.061680 -0.017015 0.000183 105.422012 0.380349 17.373115 12.754902
7.670000 0.038614 0.040974 0.012245 43.301522 0.387640 10.473359 16.218873
7.817500 0.030178 0.053916 0.009143 29.236722 0.394284 8.305297 8.467003
7.965000 0.056718 -0.006553 -0.000080 96.590533 0.399588 3.124108 2.228936
8.112500 -0.028342 -0.048132 0.002634 210.491237 0.398087 -2.994595 -2.088423
8.260000 0.027778 -0.055652 0.013160 153.474414 0.387904 -1.619074 -16.034186
8.407500 0.035182 -0.056064 0.015148 147.890380 0.383659 0.157910 -16.778846
8.555000 0.029758 -0.059556 0.013409 153.450344 0.380214 4.010195 -14.412288